1000,253.0,0.0,2.0,0.0,0.0,0.0,0.0,2.0,1.0,1.0,0.0,0.0,14.0,1.0,7.0,0.0,3.0,1.0,0.0,0.0,0.0,1.0,1.0,1.0,0.0,1.0,1.0,0.0,0.0,0.0,0.0,4.0,0.0,4.0,7.0,4.0,0.0,11.0,0.0,1.0,2.0,7.0,0.0,0.0,1.0,4.0,0.0,5.0,1.0,0.0,3.0,3.0,6.0,0.0,0.0,1.0,0.0,0.0,0.0,0.0,0.0,0.0,0.0,0.0,0.0,89.0,9.0,18.0,48.0,132.0,18.0,12.0,52.0,69.0,1.0,5.0,47.0,36.0,61.0,87.0,19.0,1.0,62.0,68.0,111.0,27.0,7.0,29.0,1.0,23.0,0.0,0.0,0.0,0.0,0.0
1000,150.0,0.0,0.0,0.0,0.0,0.0,1.0,5.0,0.0,0.0,0.0,0.0,6.0,1.0,6.0,0.0,1.0,1.0,2.0,0.0,0.0,0.0,0.0,0.0,0.0,0.0,1.0,0.0,0.0,0.0,0.0,0.0,0.0,0.0,6.0,3.0,0.0,1.0,1.0,0.0,1.0,3.0,0.0,1.0,0.0,0.0,3.0,1.0,0.0,0.0,1.0,1.0,3.0,0.0,1.0,0.0,0.0,0.0,0.0,0.0,0.0,0.0,0.0,0.0,0.0,51.0,10.0,21.0,25.0,84.0,11.0,15.0,35.0,54.0,3.0,2.0,23.0,10.0,43.0,50.0,15.0,0.0,40.0,47.0,75.0,16.0,8.0,10.0,1.0,8.0,0.0,0.0,0.0,0.0,0.0
1000,267.0,0.0,0.0,0.0,0.0,0.0,0.0,7.0,0.0,0.0,0.0,0.0,7.0,0.0,7.0,0.0,0.0,0.0,0.0,0.0,0.0,0.0,0.0,0.0,0.0,0.0,0.0,0.0,0.0,0.0,0.0,2.0,0.0,5.0,16.0,14.0,2.0,5.0,3.0,1.0,3.0,6.0,0.0,0.0,0.0,0.0,1.0,3.0,4.0,0.0,2.0,1.0,5.0,0.0,1.0,5.0,0.0,0.0,0.0,0.0,0.0,0.0,0.0,0.0,0.0,106.0,26.0,30.0,55.0,166.0,24.0,23.0,58.0,94.0,5.0,9.0,37.0,28.0,98.0,85.0,12.0,0.0,82.0,89.0,116.0,29.0,23.0,17.0,1.0,18.0,0.0,0.0,0.0,0.0,0.0
1000,274.0,0.0,2.0,0.0,0.0,0.0,0.0,0.0,4.0,4.0,0.0,0.0,11.0,2.0,13.0,0.0,6.0,3.0,1.0,1.0,0.0,4.0,1.0,1.0,0.0,1.0,1.0,1.0,0.0,0.0,0.0,0.0,0.0,6.0,14.0,14.0,3.0,4.0,2.0,0.0,0.0,2.0,0.0,0.0,0.0,2.0,1.0,7.0,6.0,0.0,3.0,9.0,7.0,0.0,1.0,3.0,0.0,0.0,0.0,0.0,0.0,0.0,0.0,0.0,0.0,104.0,16.0,28.0,47.0,152.0,31.0,36.0,65.0,76.0,0.0,6.0,37.0,37.0,95.0,103.0,27.0,1.0,82.0,86.0,104.0,27.0,11.0,12.0,1.0,24.0,0.0,0.0,0.0,0.0,0.0
1001,113.0,0.0,0.0,0.0,0.0,0.0,0.0,2.0,1.0,1.0,0.0,0.0,3.0,4.0,17.0,4.0,7.0,4.0,1.0,1.0,1.0,2.0,0.0,0.0,3.0,0.0,1.0,0.0,0.0,0.0,0.0,0.0,0.0,5.0,1.0,0.0,0.0,0.0,0.0,0.0,3.0,4.0,0.0,0.0,0.0,0.0,0.0,1.0,1.0,0.0,0.0,4.0,1.0,0.0,1.0,0.0,0.0,1.0,0.0,0.0,0.0,0.0,0.0,1.0,0.0,66.0,6.0,19.0,20.0,63.0,8.0,15.0,32.0,42.0,0.0,2.0,18.0,21.0,47.0,39.0,13.0,0.0,41.0,36.0,59.0,20.0,7.0,16.0,2.0,14.0,0.0,0.0,0.0,0.0,0.0
1001,113.0,0.0,0.0,0.0,0.0,0.0,0.0,1.0,0.0,0.0,0.0,0.0,2.0,1.0,18.0,0.0,0.0,0.0,0.0,0.0,0.0,0.0,0.0,0.0,0.0,0.0,0.0,0.0,0.0,0.0,0.0,0.0,0.0,2.0,0.0,1.0,0.0,0.0,0.0,0.0,0.0,3.0,0.0,0.0,1.0,0.0,0.0,1.0,3.0,0.0,0.0,6.0,2.0,0.0,1.0,0.0,0.0,0.0,0.0,0.0,0.0,0.0,0.0,0.0,0.0,48.0,5.0,14.0,24.0,66.0,10.0,15.0,26.0,49.0,1.0,6.0,17.0,9.0,43.0,35.0,8.0,0.0,37.0,35.0,62.0,13.0,8.0,8.0,0.0,15.0,0.0,0.0,0.0,0.0,0.0
1001,160.0,0.0,0.0,0.0,0.0,0.0,2.0,1.0,1.0,1.0,0.0,0.0,8.0,2.0,30.0,1.0,0.0,0.0,0.0,0.0,0.0,0.0,0.0,0.0,0.0,0.0,0.0,0.0,0.0,0.0,0.0,0.0,0.0,8.0,1.0,4.0,2.0,2.0,0.0,0.0,4.0,8.0,1.0,0.0,1.0,0.0,2.0,0.0,2.0,0.0,0.0,8.0,1.0,0.0,2.0,0.0,0.0,1.0,0.0,0.0,0.0,0.0,0.0,0.0,0.0,63.0,8.0,24.0,28.0,98.0,13.0,13.0,39.0,53.0,1.0,4.0,26.0,25.0,49.0,42.0,8.0,1.0,42.0,50.0,68.0,27.0,12.0,14.0,0.0,18.0,0.0,0.0,0.0,0.0,0.0
1001,163.0,0.0,0.0,0.0,0.0,0.0,0.0,3.0,0.0,0.0,0.0,0.0,12.0,0.0,23.0,0.0,0.0,0.0,0.0,0.0,0.0,0.0,0.0,0.0,0.0,0.0,0.0,0.0,0.0,0.0,0.0,2.0,0.0,3.0,2.0,1.0,0.0,0.0,1.0,0.0,0.0,3.0,0.0,0.0,0.0,0.0,0.0,1.0,5.0,0.0,0.0,10.0,0.0,0.0,1.0,3.0,0.0,0.0,0.0,0.0,0.0,0.0,0.0,0.0,0.0,82.0,9.0,19.0,33.0,83.0,12.0,28.0,46.0,63.0,1.0,3.0,43.0,16.0,56.0,64.0,21.0,1.0,49.0,51.0,80.0,18.0,10.0,17.0,0.0,16.0,0.0,0.0,0.0,0.0,0.0
1002,293.0,1.0,0.0,0.0,0.0,0.0,0.0,5.0,1.0,1.0,0.0,0.0,5.0,3.0,3.0,0.0,0.0,0.0,0.0,0.0,0.0,0.0,0.0,0.0,0.0,0.0,0.0,0.0,0.0,0.0,0.0,6.0,0.0,0.0,3.0,2.0,1.0,3.0,0.0,1.0,3.0,11.0,1.0,0.0,1.0,4.0,0.0,0.0,2.0,0.0,0.0,2.0,5.0,0.0,0.0,2.0,0.0,0.0,0.0,0.0,0.0,0.0,0.0,0.0,0.0,112.0,24.0,53.0,52.0,163.0,39.0,12.0,59.0,91.0,1.0,7.0,68.0,31.0,101.0,115.0,21.0,1.0,75.0,78.0,102.0,35.0,12.0,19.0,0.0,50.0,0.0,0.0,0.0,0.0,0.0
1002,227.0,1.0,0.0,0.0,0.0,0.0,0.0,8.0,5.0,5.0,0.0,0.0,14.0,4.0,6.0,0.0,2.0,1.0,0.0,0.0,0.0,1.0,0.0,1.0,0.0,1.0,2.0,0.0,0.0,0.0,0.0,5.0,0.0,2.0,5.0,1.0,1.0,1.0,2.0,1.0,5.0,11.0,0.0,0.0,1.0,2.0,3.0,0.0,0.0,4.0,2.0,7.0,1.0,0.0,0.0,2.0,0.0,0.0,0.0,0.0,0.0,0.0,0.0,0.0,0.0,69.0,18.0,43.0,38.0,120.0,20.0,17.0,46.0,71.0,0.0,6.0,46.0,24.0,70.0,96.0,14.0,0.0,65.0,84.0,82.0,31.0,10.0,15.0,0.0,20.0,1.0,0.0,0.0,0.0,0.0
1002,296.0,0.0,0.0,0.0,0.0,0.0,0.0,6.0,1.0,1.0,0.0,0.0,17.0,2.0,7.0,0.0,0.0,2.0,0.0,2.0,0.0,0.0,2.0,0.0,0.0,0.0,0.0,0.0,0.0,0.0,0.0,2.0,0.0,4.0,8.0,3.0,1.0,0.0,0.0,1.0,4.0,7.0,1.0,0.0,3.0,2.0,2.0,1.0,0.0,0.0,1.0,2.0,3.0,0.0,0.0,0.0,0.0,1.0,0.0,1.0,0.0,1.0,0.0,0.0,0.0,116.0,20.0,43.0,65.0,175.0,26.0,25.0,50.0,129.0,2.0,7.0,66.0,36.0,120.0,134.0,24.0,2.0,105.0,94.0,128.0,40.0,24.0,25.0,2.0,35.0,0.0,0.0,0.0,0.0,0.0
1002,317.0,1.0,0.0,0.0,0.0,0.0,0.0,2.0,1.0,1.0,0.0,0.0,6.0,1.0,7.0,0.0,0.0,0.0,0.0,0.0,0.0,0.0,0.0,0.0,0.0,0.0,1.0,0.0,0.0,0.0,0.0,2.0,0.0,3.0,4.0,1.0,0.0,2.0,0.0,5.0,2.0,3.0,1.0,0.0,0.0,3.0,0.0,0.0,0.0,2.0,0.0,2.0,5.0,0.0,0.0,1.0,0.0,1.0,0.0,1.0,0.0,1.0,0.0,0.0,0.0,100.0,14.0,41.0,47.0,173.0,48.0,18.0,68.0,121.0,0.0,3.0,62.0,53.0,105.0,117.0,21.0,0.0,80.0,108.0,129.0,51.0,13.0,14.0,0.0,33.0,1.0,0.0,0.0,0.0,0.0
1003,345.0,0.0,0.0,0.0,0.0,1.0,0.0,2.0,1.0,1.0,0.0,0.0,14.0,1.0,13.0,0.0,0.0,0.0,0.0,0.0,1.0,1.0,0.0,0.0,1.0,1.0,0.0,0.0,0.0,0.0,0.0,0.0,0.0,11.0,0.0,4.0,1.0,5.0,0.0,1.0,0.0,4.0,1.0,1.0,1.0,4.0,2.0,0.0,3.0,0.0,0.0,15.0,5.0,2.0,1.0,1.0,0.0,0.0,0.0,0.0,0.0,0.0,0.0,0.0,0.0,140.0,21.0,59.0,66.0,192.0,41.0,25.0,70.0,118.0,0.0,4.0,66.0,38.0,134.0,133.0,34.0,1.0,107.0,87.0,160.0,55.0,16.0,30.0,2.0,28.0,0.0,0.0,0.0,0.0,0.0
1003,394.0,0.0,0.0,0.0,0.0,0.0,0.0,3.0,4.0,4.0,0.0,0.0,24.0,5.0,21.0,0.0,10.0,6.0,1.0,2.0,3.0,5.0,1.0,6.0,2.0,3.0,1.0,0.0,0.0,0.0,0.0,0.0,0.0,7.0,1.0,1.0,1.0,1.0,0.0,3.0,2.0,7.0,3.0,0.0,1.0,3.0,3.0,2.0,2.0,0.0,4.0,15.0,8.0,3.0,0.0,0.0,0.0,0.0,0.0,0.0,0.0,0.0,0.0,0.0,0.0,164.0,21.0,67.0,69.0,205.0,43.0,35.0,80.0,122.0,4.0,14.0,91.0,36.0,151.0,154.0,40.0,3.0,135.0,126.0,153.0,65.0,28.0,30.0,1.0,30.0,3.0,0.0,0.0,0.0,0.0
1003,274.0,0.0,0.0,0.0,0.0,0.0,0.0,0.0,0.0,0.0,0.0,0.0,2.0,1.0,13.0,0.0,0.0,0.0,0.0,0.0,0.0,0.0,0.0,0.0,0.0,0.0,0.0,0.0,0.0,0.0,0.0,0.0,0.0,2.0,2.0,1.0,0.0,0.0,0.0,0.0,0.0,5.0,0.0,0.0,0.0,1.0,2.0,0.0,0.0,0.0,0.0,6.0,5.0,0.0,0.0,2.0,0.0,0.0,0.0,0.0,0.0,0.0,0.0,0.0,0.0,101.0,15.0,46.0,53.0,166.0,31.0,21.0,62.0,98.0,3.0,5.0,61.0,26.0,99.0,99.0,30.0,1.0,79.0,72.0,114.0,38.0,19.0,21.0,3.0,20.0,0.0,0.0,0.0,0.0,0.0
1003,329.0,0.0,0.0,0.0,0.0,0.0,0.0,3.0,4.0,4.0,0.0,0.0,20.0,1.0,16.0,0.0,7.0,5.0,1.0,4.0,0.0,3.0,2.0,1.0,2.0,3.0,0.0,1.0,0.0,0.0,0.0,0.0,0.0,6.0,4.0,7.0,2.0,2.0,0.0,4.0,2.0,19.0,2.0,1.0,2.0,4.0,7.0,2.0,4.0,1.0,1.0,20.0,8.0,0.0,1.0,3.0,0.0,0.0,0.0,0.0,0.0,0.0,0.0,0.0,0.0,152.0,16.0,58.0,79.0,132.0,33.0,26.0,68.0,131.0,4.0,9.0,52.0,40.0,141.0,125.0,27.0,1.0,101.0,77.0,132.0,77.0,10.0,19.0,0.0,28.0,0.0,0.0,0.0,0.0,0.0
1004,257.0,0.0,6.0,0.0,0.0,0.0,0.0,3.0,0.0,0.0,0.0,0.0,28.0,4.0,25.0,0.0,1.0,1.0,0.0,2.0,0.0,1.0,0.0,0.0,0.0,0.0,1.0,0.0,0.0,0.0,0.0,2.0,0.0,4.0,3.0,2.0,2.0,2.0,0.0,3.0,6.0,7.0,0.0,3.0,0.0,2.0,1.0,0.0,1.0,0.0,2.0,3.0,1.0,0.0,0.0,2.0,0.0,1.0,0.0,0.0,0.0,0.0,0.0,0.0,0.0,97.0,12.0,30.0,42.0,103.0,17.0,35.0,60.0,88.0,6.0,9.0,49.0,24.0,79.0,75.0,27.0,0.0,63.0,59.0,83.0,33.0,7.0,20.0,0.0,30.0,0.0,0.0,0.0,0.0,0.0
1004,228.0,0.0,0.0,0.0,0.0,0.0,0.0,0.0,0.0,0.0,0.0,0.0,13.0,1.0,17.0,0.0,0.0,2.0,0.0,0.0,0.0,0.0,0.0,1.0,1.0,1.0,0.0,0.0,0.0,0.0,0.0,0.0,0.0,3.0,3.0,0.0,0.0,0.0,0.0,0.0,1.0,10.0,0.0,1.0,0.0,2.0,0.0,0.0,0.0,0.0,1.0,1.0,5.0,0.0,0.0,1.0,0.0,0.0,0.0,0.0,0.0,0.0,0.0,0.0,0.0,80.0,11.0,14.0,25.0,100.0,22.0,23.0,44.0,68.0,1.0,13.0,34.0,39.0,64.0,71.0,17.0,0.0,41.0,52.0,67.0,23.0,7.0,22.0,0.0,21.0,1.0,0.0,0.0,0.0,0.0
1004,244.0,0.0,2.0,0.0,0.0,0.0,0.0,0.0,0.0,0.0,0.0,0.0,20.0,1.0,16.0,0.0,0.0,0.0,0.0,0.0,0.0,0.0,0.0,0.0,0.0,0.0,0.0,0.0,0.0,0.0,0.0,0.0,0.0,3.0,2.0,1.0,1.0,0.0,0.0,0.0,0.0,11.0,0.0,0.0,0.0,2.0,1.0,0.0,0.0,0.0,0.0,1.0,3.0,0.0,1.0,2.0,0.0,1.0,0.0,0.0,0.0,0.0,0.0,0.0,0.0,60.0,23.0,24.0,29.0,119.0,21.0,20.0,40.0,62.0,2.0,6.0,27.0,45.0,61.0,78.0,25.0,0.0,46.0,69.0,65.0,29.0,6.0,27.0,0.0,40.0,0.0,0.0,0.0,0.0,0.0
1004,286.0,0.0,0.0,0.0,0.0,0.0,0.0,1.0,0.0,0.0,0.0,0.0,22.0,2.0,12.0,0.0,0.0,0.0,0.0,0.0,0.0,0.0,0.0,0.0,0.0,0.0,0.0,0.0,0.0,0.0,0.0,0.0,0.0,2.0,1.0,0.0,0.0,0.0,0.0,0.0,0.0,16.0,0.0,0.0,0.0,2.0,1.0,0.0,0.0,0.0,0.0,1.0,0.0,0.0,0.0,0.0,0.0,0.0,0.0,0.0,0.0,0.0,0.0,0.0,0.0,95.0,25.0,25.0,34.0,142.0,28.0,16.0,63.0,70.0,3.0,6.0,39.0,32.0,86.0,100.0,36.0,0.0,41.0,55.0,95.0,42.0,13.0,30.0,2.0,32.0,0.0,0.0,0.0,0.0,0.0
1005,218.0,0.0,0.0,0.0,0.0,0.0,0.0,1.0,0.0,0.0,0.0,0.0,17.0,0.0,9.0,0.0,0.0,0.0,0.0,0.0,0.0,0.0,0.0,0.0,0.0,0.0,0.0,0.0,0.0,0.0,0.0,0.0,0.0,0.0,2.0,1.0,0.0,0.0,0.0,1.0,2.0,5.0,0.0,5.0,0.0,1.0,2.0,1.0,4.0,0.0,0.0,4.0,4.0,0.0,1.0,2.0,0.0,0.0,0.0,0.0,0.0,0.0,0.0,0.0,0.0,128.0,14.0,53.0,50.0,132.0,25.0,19.0,51.0,84.0,0.0,11.0,54.0,27.0,74.0,77.0,24.0,0.0,79.0,71.0,94.0,49.0,9.0,13.0,3.0,19.0,0.0,0.0,0.0,0.0,0.0
1005,257.0,0.0,0.0,0.0,0.0,0.0,0.0,0.0,0.0,0.0,0.0,0.0,8.0,0.0,16.0,0.0,0.0,0.0,0.0,0.0,0.0,0.0,0.0,0.0,0.0,0.0,0.0,0.0,0.0,0.0,0.0,0.0,0.0,3.0,4.0,3.0,0.0,0.0,2.0,9.0,1.0,13.0,0.0,0.0,0.0,1.0,2.0,0.0,0.0,0.0,0.0,0.0,5.0,0.0,0.0,0.0,0.0,0.0,0.0,0.0,0.0,0.0,0.0,0.0,0.0,125.0,16.0,50.0,47.0,129.0,31.0,24.0,51.0,89.0,3.0,5.0,56.0,21.0,95.0,99.0,23.0,1.0,81.0,87.0,100.0,48.0,12.0,10.0,2.0,15.0,1.0,0.0,0.0,0.0,0.0
1005,212.0,0.0,0.0,0.0,0.0,0.0,0.0,2.0,0.0,0.0,0.0,0.0,14.0,0.0,10.0,0.0,0.0,0.0,0.0,0.0,0.0,0.0,0.0,0.0,0.0,0.0,0.0,1.0,0.0,0.0,0.0,0.0,0.0,6.0,3.0,0.0,2.0,0.0,5.0,1.0,1.0,0.0,1.0,0.0,3.0,7.0,0.0,1.0,2.0,2.0,2.0,2.0,10.0,0.0,0.0,1.0,0.0,0.0,0.0,0.0,0.0,0.0,0.0,0.0,0.0,113.0,11.0,35.0,30.0,107.0,13.0,15.0,52.0,76.0,5.0,6.0,42.0,32.0,52.0,56.0,26.0,3.0,60.0,70.0,78.0,28.0,9.0,12.0,1.0,13.0,0.0,0.0,0.0,0.0,0.0
1005,218.0,0.0,0.0,0.0,0.0,0.0,0.0,2.0,0.0,0.0,0.0,0.0,1.0,0.0,11.0,0.0,0.0,0.0,0.0,0.0,0.0,0.0,0.0,0.0,0.0,0.0,1.0,0.0,0.0,0.0,0.0,0.0,0.0,0.0,0.0,0.0,0.0,0.0,2.0,0.0,0.0,10.0,0.0,0.0,0.0,0.0,3.0,0.0,0.0,0.0,0.0,1.0,3.0,0.0,0.0,0.0,0.0,0.0,0.0,0.0,0.0,0.0,0.0,0.0,0.0,84.0,21.0,30.0,49.0,124.0,20.0,9.0,60.0,83.0,1.0,1.0,44.0,22.0,77.0,84.0,16.0,0.0,70.0,79.0,98.0,34.0,8.0,18.0,2.0,19.0,3.0,0.0,0.0,0.0,0.0
1006,345.0,0.0,0.0,0.0,0.0,0.0,0.0,4.0,0.0,0.0,0.0,0.0,13.0,0.0,13.0,0.0,5.0,3.0,3.0,1.0,0.0,0.0,0.0,0.0,0.0,0.0,0.0,0.0,0.0,0.0,0.0,0.0,0.0,3.0,2.0,2.0,2.0,0.0,4.0,0.0,0.0,1.0,0.0,1.0,0.0,3.0,0.0,1.0,1.0,0.0,11.0,2.0,2.0,6.0,0.0,4.0,0.0,0.0,0.0,0.0,0.0,0.0,0.0,0.0,0.0,121.0,26.0,46.0,51.0,187.0,28.0,36.0,79.0,114.0,5.0,7.0,50.0,28.0,111.0,124.0,26.0,3.0,77.0,87.0,159.0,28.0,17.0,38.0,1.0,34.0,0.0,0.0,0.0,0.0,0.0
1006,311.0,0.0,0.0,0.0,0.0,0.0,0.0,7.0,0.0,0.0,0.0,0.0,4.0,0.0,17.0,0.0,4.0,2.0,3.0,1.0,1.0,1.0,0.0,0.0,0.0,1.0,0.0,0.0,0.0,0.0,0.0,1.0,0.0,0.0,2.0,2.0,1.0,1.0,3.0,0.0,3.0,1.0,0.0,0.0,0.0,7.0,0.0,1.0,1.0,0.0,6.0,3.0,5.0,6.0,0.0,1.0,0.0,0.0,0.0,0.0,0.0,0.0,0.0,0.0,0.0,102.0,27.0,27.0,48.0,176.0,24.0,20.0,81.0,90.0,1.0,5.0,71.0,29.0,104.0,112.0,19.0,2.0,70.0,101.0,107.0,36.0,19.0,30.0,2.0,30.0,0.0,0.0,0.0,0.0,0.0
1006,222.0,0.0,0.0,0.0,0.0,0.0,0.0,5.0,0.0,0.0,0.0,0.0,4.0,2.0,9.0,0.0,2.0,0.0,1.0,2.0,0.0,0.0,0.0,0.0,0.0,1.0,0.0,0.0,0.0,0.0,0.0,0.0,0.0,6.0,1.0,2.0,0.0,3.0,2.0,0.0,0.0,2.0,0.0,0.0,2.0,4.0,0.0,0.0,1.0,0.0,1.0,1.0,1.0,6.0,2.0,2.0,0.0,0.0,0.0,0.0,0.0,0.0,0.0,0.0,0.0,79.0,12.0,16.0,32.0,116.0,23.0,35.0,69.0,65.0,0.0,5.0,39.0,21.0,76.0,75.0,14.0,1.0,48.0,62.0,113.0,28.0,8.0,16.0,1.0,17.0,0.0,0.0,0.0,0.0,0.0
1006,247.0,0.0,0.0,0.0,0.0,0.0,0.0,1.0,0.0,0.0,0.0,0.0,8.0,0.0,15.0,0.0,0.0,0.0,0.0,0.0,0.0,0.0,0.0,0.0,0.0,0.0,0.0,0.0,0.0,0.0,0.0,0.0,0.0,4.0,2.0,8.0,1.0,3.0,2.0,2.0,0.0,1.0,0.0,1.0,3.0,5.0,0.0,1.0,7.0,0.0,4.0,3.0,2.0,7.0,1.0,3.0,0.0,0.0,0.0,0.0,0.0,0.0,0.0,0.0,0.0,94.0,17.0,19.0,43.0,139.0,18.0,35.0,72.0,86.0,2.0,7.0,36.0,31.0,98.0,69.0,9.0,0.0,65.0,62.0,104.0,28.0,10.0,17.0,2.0,21.0,1.0,0.0,0.0,0.0,0.0
1007,218.0,0.0,0.0,0.0,0.0,0.0,0.0,1.0,0.0,0.0,0.0,0.0,11.0,3.0,4.0,0.0,1.0,1.0,1.0,0.0,1.0,0.0,0.0,0.0,0.0,0.0,0.0,0.0,0.0,0.0,0.0,5.0,0.0,6.0,2.0,5.0,5.0,0.0,0.0,1.0,0.0,2.0,2.0,1.0,1.0,8.0,1.0,2.0,5.0,0.0,1.0,5.0,4.0,1.0,0.0,2.0,0.0,0.0,0.0,0.0,0.0,0.0,0.0,0.0,0.0,82.0,17.0,27.0,28.0,136.0,23.0,29.0,46.0,72.0,2.0,7.0,38.0,24.0,72.0,66.0,15.0,1.0,68.0,72.0,90.0,21.0,8.0,18.0,3.0,11.0,1.0,0.0,0.0,0.0,0.0
1007,359.0,0.0,6.0,0.0,0.0,0.0,0.0,4.0,0.0,0.0,0.0,0.0,5.0,5.0,9.0,0.0,1.0,1.0,1.0,0.0,1.0,0.0,0.0,0.0,0.0,0.0,0.0,1.0,0.0,0.0,0.0,6.0,0.0,1.0,1.0,16.0,2.0,0.0,0.0,9.0,0.0,2.0,0.0,0.0,0.0,7.0,0.0,0.0,8.0,0.0,6.0,6.0,3.0,1.0,1.0,1.0,0.0,1.0,0.0,0.0,0.0,0.0,0.0,0.0,0.0,155.0,20.0,53.0,64.0,185.0,25.0,53.0,91.0,130.0,4.0,13.0,74.0,43.0,153.0,134.0,38.0,1.0,95.0,114.0,145.0,40.0,13.0,22.0,3.0,29.0,0.0,0.0,0.0,0.0,0.0
1007,330.0,0.0,0.0,0.0,0.0,0.0,0.0,1.0,3.0,3.0,0.0,0.0,8.0,3.0,14.0,0.0,0.0,2.0,0.0,0.0,0.0,0.0,1.0,0.0,1.0,4.0,0.0,2.0,0.0,0.0,0.0,0.0,0.0,4.0,5.0,16.0,2.0,0.0,0.0,7.0,1.0,7.0,3.0,3.0,0.0,8.0,5.0,1.0,8.0,0.0,4.0,7.0,2.0,3.0,4.0,1.0,0.0,0.0,0.0,0.0,0.0,0.0,0.0,0.0,0.0,160.0,11.0,26.0,72.0,183.0,23.0,44.0,99.0,101.0,5.0,5.0,44.0,30.0,134.0,100.0,19.0,1.0,118.0,109.0,133.0,30.0,25.0,25.0,0.0,19.0,0.0,0.0,0.0,0.0,0.0
1007,282.0,0.0,2.0,0.0,0.0,0.0,0.0,2.0,2.0,2.0,0.0,0.0,10.0,4.0,10.0,0.0,3.0,6.0,1.0,0.0,1.0,0.0,1.0,1.0,0.0,5.0,0.0,1.0,0.0,0.0,0.0,0.0,0.0,7.0,1.0,4.0,0.0,0.0,1.0,9.0,0.0,8.0,2.0,1.0,1.0,6.0,2.0,0.0,6.0,0.0,9.0,6.0,2.0,0.0,0.0,0.0,0.0,0.0,0.0,0.0,0.0,0.0,0.0,0.0,0.0,136.0,9.0,32.0,49.0,128.0,32.0,25.0,67.0,113.0,6.0,8.0,54.0,31.0,92.0,92.0,25.0,0.0,74.0,92.0,109.0,29.0,12.0,18.0,0.0,18.0,1.0,0.0,0.0,0.0,0.0
1008,177.0,1.0,0.0,0.0,0.0,0.0,0.0,0.0,1.0,1.0,0.0,0.0,6.0,1.0,8.0,0.0,0.0,1.0,0.0,0.0,0.0,1.0,0.0,0.0,0.0,0.0,0.0,0.0,0.0,0.0,0.0,0.0,0.0,0.0,2.0,2.0,2.0,0.0,0.0,0.0,0.0,8.0,1.0,0.0,0.0,2.0,0.0,1.0,1.0,0.0,0.0,2.0,3.0,0.0,0.0,1.0,0.0,0.0,0.0,0.0,0.0,0.0,0.0,0.0,0.0,55.0,11.0,17.0,42.0,87.0,20.0,18.0,42.0,56.0,1.0,5.0,28.0,19.0,60.0,51.0,9.0,3.0,49.0,36.0,69.0,21.0,6.0,17.0,2.0,17.0,0.0,0.0,0.0,0.0,0.0
1008,135.0,1.0,0.0,0.0,0.0,0.0,0.0,0.0,0.0,0.0,0.0,0.0,8.0,1.0,3.0,0.0,0.0,0.0,0.0,0.0,0.0,0.0,0.0,0.0,0.0,0.0,0.0,1.0,0.0,0.0,0.0,0.0,0.0,2.0,13.0,7.0,0.0,0.0,0.0,0.0,1.0,1.0,0.0,1.0,1.0,0.0,1.0,1.0,0.0,0.0,1.0,3.0,4.0,2.0,1.0,3.0,0.0,0.0,0.0,0.0,0.0,0.0,0.0,0.0,0.0,52.0,7.0,9.0,21.0,57.0,13.0,12.0,27.0,54.0,3.0,2.0,25.0,19.0,41.0,48.0,8.0,0.0,39.0,43.0,46.0,16.0,8.0,19.0,0.0,7.0,1.0,0.0,0.0,0.0,0.0
1008,251.0,0.0,0.0,0.0,0.0,0.0,0.0,0.0,0.0,0.0,0.0,0.0,7.0,1.0,9.0,0.0,1.0,1.0,1.0,1.0,0.0,0.0,0.0,0.0,0.0,0.0,1.0,1.0,0.0,0.0,0.0,0.0,0.0,2.0,6.0,4.0,1.0,0.0,0.0,0.0,1.0,3.0,0.0,1.0,2.0,1.0,1.0,0.0,0.0,0.0,0.0,3.0,4.0,2.0,0.0,4.0,0.0,1.0,0.0,0.0,0.0,0.0,0.0,0.0,0.0,75.0,14.0,25.0,49.0,129.0,34.0,30.0,63.0,87.0,1.0,2.0,53.0,28.0,86.0,97.0,22.0,0.0,67.0,67.0,109.0,34.0,12.0,20.0,0.0,19.0,0.0,0.0,0.0,0.0,0.0
1008,210.0,0.0,2.0,0.0,0.0,0.0,0.0,0.0,0.0,0.0,0.0,0.0,10.0,2.0,7.0,0.0,0.0,0.0,0.0,0.0,0.0,0.0,0.0,0.0,0.0,0.0,1.0,0.0,0.0,0.0,0.0,0.0,0.0,0.0,1.0,2.0,1.0,0.0,0.0,1.0,0.0,12.0,0.0,1.0,0.0,2.0,1.0,0.0,1.0,0.0,0.0,0.0,2.0,0.0,1.0,2.0,0.0,0.0,0.0,0.0,0.0,0.0,0.0,0.0,0.0,65.0,12.0,21.0,43.0,113.0,21.0,16.0,43.0,75.0,1.0,12.0,38.0,22.0,67.0,78.0,17.0,2.0,56.0,58.0,67.0,32.0,12.0,19.0,3.0,16.0,2.0,0.0,0.0,0.0,0.0
1009,229.0,1.0,2.0,0.0,0.0,0.0,0.0,4.0,1.0,1.0,0.0,0.0,9.0,1.0,22.0,0.0,4.0,0.0,0.0,3.0,1.0,5.0,2.0,1.0,0.0,0.0,0.0,0.0,0.0,0.0,0.0,0.0,0.0,3.0,0.0,3.0,0.0,0.0,0.0,0.0,0.0,1.0,0.0,5.0,0.0,0.0,2.0,1.0,1.0,0.0,2.0,2.0,7.0,1.0,0.0,1.0,0.0,0.0,0.0,0.0,0.0,0.0,0.0,0.0,0.0,76.0,19.0,21.0,33.0,141.0,14.0,27.0,48.0,72.0,2.0,7.0,38.0,29.0,82.0,86.0,38.0,2.0,71.0,69.0,96.0,27.0,16.0,14.0,1.0,16.0,0.0,0.0,0.0,0.0,0.0
1009,261.0,3.0,0.0,0.0,0.0,0.0,0.0,6.0,2.0,2.0,0.0,0.0,9.0,1.0,19.0,0.0,15.0,2.0,6.0,0.0,1.0,2.0,0.0,0.0,1.0,0.0,0.0,0.0,0.0,0.0,0.0,0.0,0.0,0.0,1.0,4.0,2.0,0.0,2.0,0.0,0.0,6.0,1.0,8.0,1.0,0.0,0.0,0.0,2.0,0.0,3.0,4.0,12.0,0.0,2.0,0.0,0.0,2.0,0.0,0.0,0.0,0.0,0.0,0.0,0.0,107.0,23.0,29.0,48.0,149.0,25.0,23.0,44.0,86.0,1.0,14.0,52.0,32.0,95.0,107.0,34.0,0.0,89.0,86.0,92.0,46.0,20.0,12.0,1.0,18.0,0.0,0.0,0.0,0.0,0.0
1009,270.0,0.0,0.0,0.0,0.0,0.0,2.0,3.0,1.0,1.0,0.0,0.0,12.0,3.0,18.0,0.0,0.0,0.0,0.0,0.0,0.0,0.0,0.0,0.0,0.0,0.0,0.0,0.0,0.0,0.0,0.0,0.0,0.0,2.0,2.0,6.0,2.0,0.0,0.0,1.0,0.0,4.0,0.0,8.0,1.0,1.0,0.0,1.0,7.0,0.0,6.0,6.0,9.0,0.0,0.0,2.0,0.0,0.0,0.0,0.0,0.0,0.0,0.0,0.0,0.0,115.0,16.0,46.0,42.0,172.0,25.0,19.0,53.0,123.0,2.0,6.0,52.0,23.0,104.0,109.0,43.0,0.0,113.0,101.0,127.0,34.0,25.0,15.0,2.0,20.0,1.0,0.0,0.0,0.0,0.0
1009,298.0,0.0,0.0,0.0,0.0,0.0,1.0,2.0,2.0,2.0,0.0,0.0,13.0,2.0,22.0,0.0,0.0,0.0,0.0,0.0,0.0,0.0,0.0,0.0,0.0,1.0,0.0,0.0,0.0,0.0,0.0,0.0,0.0,0.0,2.0,4.0,0.0,2.0,1.0,0.0,0.0,6.0,0.0,4.0,0.0,4.0,0.0,1.0,3.0,0.0,4.0,4.0,9.0,0.0,1.0,0.0,0.0,0.0,0.0,0.0,0.0,0.0,0.0,0.0,0.0,111.0,26.0,48.0,55.0,195.0,34.0,35.0,64.0,108.0,0.0,10.0,65.0,35.0,104.0,118.0,36.0,1.0,122.0,99.0,115.0,54.0,21.0,24.0,1.0,24.0,0.0,0.0,0.0,0.0,0.0
1010,149.0,0.0,0.0,0.0,0.0,0.0,0.0,2.0,0.0,0.0,0.0,0.0,6.0,7.0,11.0,0.0,0.0,0.0,0.0,0.0,0.0,0.0,0.0,0.0,0.0,0.0,0.0,0.0,0.0,0.0,0.0,0.0,0.0,1.0,2.0,1.0,0.0,0.0,0.0,0.0,0.0,3.0,0.0,0.0,1.0,0.0,1.0,0.0,0.0,0.0,1.0,0.0,5.0,2.0,0.0,1.0,0.0,0.0,0.0,0.0,0.0,0.0,0.0,0.0,0.0,55.0,8.0,24.0,34.0,95.0,18.0,11.0,32.0,62.0,1.0,4.0,29.0,11.0,56.0,62.0,21.0,0.0,62.0,57.0,68.0,19.0,12.0,9.0,0.0,19.0,0.0,0.0,0.0,0.0,0.0
1010,231.0,0.0,0.0,0.0,0.0,0.0,0.0,5.0,0.0,0.0,0.0,0.0,2.0,11.0,12.0,0.0,0.0,1.0,0.0,0.0,0.0,0.0,1.0,1.0,0.0,1.0,0.0,0.0,0.0,0.0,0.0,0.0,0.0,1.0,3.0,0.0,0.0,0.0,2.0,0.0,1.0,3.0,0.0,0.0,0.0,1.0,0.0,1.0,0.0,0.0,1.0,0.0,2.0,1.0,0.0,0.0,0.0,0.0,0.0,0.0,0.0,0.0,0.0,0.0,0.0,79.0,18.0,21.0,34.0,131.0,24.0,20.0,52.0,87.0,1.0,4.0,41.0,30.0,69.0,76.0,31.0,0.0,58.0,64.0,101.0,29.0,11.0,20.0,0.0,12.0,0.0,0.0,0.0,0.0,0.0
1010,200.0,0.0,0.0,0.0,0.0,0.0,0.0,2.0,0.0,0.0,0.0,0.0,7.0,5.0,12.0,0.0,3.0,1.0,1.0,0.0,1.0,0.0,1.0,0.0,0.0,2.0,0.0,0.0,0.0,0.0,0.0,0.0,0.0,2.0,3.0,1.0,0.0,1.0,0.0,1.0,0.0,2.0,1.0,0.0,0.0,1.0,1.0,0.0,0.0,0.0,0.0,4.0,4.0,0.0,0.0,0.0,0.0,0.0,0.0,0.0,0.0,0.0,0.0,0.0,0.0,75.0,22.0,28.0,35.0,105.0,17.0,24.0,30.0,74.0,3.0,10.0,32.0,19.0,63.0,62.0,19.0,1.0,68.0,60.0,71.0,27.0,5.0,9.0,5.0,18.0,0.0,0.0,0.0,0.0,0.0
1010,203.0,0.0,0.0,0.0,0.0,0.0,0.0,3.0,0.0,0.0,0.0,0.0,4.0,2.0,17.0,0.0,1.0,1.0,0.0,0.0,0.0,1.0,0.0,0.0,0.0,1.0,0.0,0.0,0.0,0.0,0.0,0.0,0.0,3.0,3.0,0.0,0.0,1.0,0.0,0.0,0.0,3.0,0.0,0.0,0.0,1.0,0.0,0.0,0.0,0.0,0.0,4.0,5.0,0.0,0.0,0.0,0.0,0.0,0.0,0.0,0.0,0.0,0.0,0.0,0.0,78.0,17.0,28.0,30.0,119.0,14.0,14.0,62.0,75.0,1.0,7.0,25.0,21.0,69.0,67.0,14.0,0.0,58.0,53.0,108.0,25.0,12.0,25.0,1.0,24.0,0.0,0.0,0.0,0.0,0.0
1011,205.0,0.0,0.0,0.0,0.0,0.0,0.0,0.0,0.0,0.0,0.0,0.0,13.0,7.0,11.0,0.0,5.0,4.0,2.0,5.0,0.0,2.0,0.0,0.0,1.0,1.0,0.0,0.0,0.0,0.0,0.0,0.0,0.0,7.0,1.0,4.0,1.0,0.0,3.0,2.0,1.0,1.0,1.0,0.0,1.0,3.0,2.0,0.0,0.0,0.0,0.0,6.0,3.0,3.0,1.0,7.0,0.0,1.0,0.0,0.0,0.0,0.0,0.0,0.0,0.0,100.0,13.0,32.0,63.0,133.0,24.0,22.0,50.0,73.0,0.0,5.0,43.0,15.0,83.0,67.0,20.0,0.0,70.0,61.0,91.0,18.0,4.0,24.0,4.0,12.0,0.0,0.0,0.0,0.0,0.0
1011,175.0,0.0,0.0,0.0,0.0,0.0,0.0,0.0,0.0,0.0,0.0,0.0,14.0,2.0,9.0,0.0,2.0,0.0,0.0,0.0,1.0,1.0,0.0,0.0,0.0,0.0,0.0,0.0,0.0,0.0,0.0,0.0,0.0,2.0,1.0,6.0,4.0,1.0,0.0,4.0,1.0,2.0,0.0,0.0,0.0,1.0,9.0,0.0,2.0,0.0,0.0,2.0,6.0,1.0,2.0,10.0,0.0,4.0,0.0,0.0,0.0,0.0,0.0,0.0,0.0,84.0,6.0,20.0,47.0,106.0,13.0,24.0,45.0,63.0,0.0,5.0,32.0,18.0,73.0,64.0,18.0,0.0,51.0,73.0,71.0,21.0,10.0,18.0,0.0,14.0,0.0,0.0,0.0,0.0,0.0
1011,225.0,0.0,0.0,0.0,0.0,0.0,0.0,0.0,1.0,1.0,0.0,0.0,10.0,7.0,8.0,0.0,1.0,2.0,2.0,1.0,0.0,1.0,0.0,0.0,1.0,1.0,0.0,0.0,0.0,0.0,0.0,0.0,0.0,1.0,0.0,2.0,4.0,1.0,0.0,1.0,7.0,3.0,1.0,0.0,1.0,0.0,0.0,3.0,0.0,2.0,1.0,4.0,1.0,0.0,1.0,5.0,0.0,0.0,0.0,0.0,0.0,0.0,0.0,0.0,0.0,117.0,13.0,35.0,65.0,123.0,20.0,22.0,59.0,79.0,1.0,9.0,39.0,27.0,86.0,97.0,20.0,0.0,61.0,69.0,109.0,27.0,9.0,21.0,1.0,12.0,0.0,0.0,0.0,0.0,0.0
1011,243.0,0.0,0.0,0.0,0.0,0.0,0.0,0.0,1.0,1.0,0.0,0.0,17.0,7.0,13.0,0.0,7.0,4.0,3.0,1.0,2.0,2.0,0.0,0.0,0.0,0.0,0.0,0.0,0.0,0.0,0.0,0.0,0.0,1.0,1.0,9.0,2.0,0.0,0.0,1.0,7.0,4.0,1.0,0.0,0.0,2.0,2.0,6.0,0.0,4.0,0.0,6.0,0.0,0.0,0.0,16.0,0.0,0.0,0.0,0.0,0.0,0.0,0.0,0.0,0.0,100.0,20.0,23.0,75.0,158.0,25.0,11.0,72.0,92.0,1.0,9.0,57.0,20.0,72.0,102.0,14.0,0.0,72.0,69.0,97.0,23.0,22.0,18.0,0.0,14.0,0.0,0.0,0.0,0.0,0.0
1012,813.0,0.0,4.0,0.0,5.0,0.0,0.0,25.0,2.0,2.0,0.0,0.0,24.0,21.0,33.0,0.0,2.0,3.0,0.0,2.0,2.0,2.0,1.0,0.0,0.0,2.0,0.0,0.0,0.0,0.0,0.0,3.0,0.0,25.0,3.0,3.0,5.0,0.0,3.0,3.0,3.0,7.0,1.0,0.0,1.0,6.0,5.0,3.0,12.0,1.0,13.0,13.0,24.0,8.0,2.0,3.0,1.0,2.0,1.0,0.0,0.0,0.0,0.0,0.0,0.0,289.0,56.0,119.0,108.0,376.0,82.0,75.0,149.0,278.0,3.0,28.0,175.0,90.0,208.0,297.0,72.0,0.0,215.0,278.0,313.0,163.0,42.0,50.0,10.0,103.0,1.0,0.0,0.0,0.0,0.0
1012,775.0,0.0,0.0,0.0,1.0,0.0,0.0,19.0,1.0,1.0,0.0,0.0,21.0,27.0,32.0,2.0,2.0,19.0,3.0,3.0,1.0,7.0,0.0,1.0,1.0,2.0,1.0,0.0,0.0,0.0,0.0,6.0,0.0,37.0,37.0,1.0,8.0,2.0,1.0,0.0,8.0,10.0,0.0,0.0,1.0,45.0,1.0,5.0,30.0,0.0,7.0,8.0,10.0,0.0,2.0,3.0,0.0,1.0,0.0,0.0,0.0,0.0,0.0,0.0,0.0,233.0,46.0,126.0,98.0,451.0,65.0,47.0,172.0,218.0,3.0,63.0,169.0,53.0,199.0,307.0,120.0,1.0,178.0,190.0,294.0,90.0,43.0,80.0,10.0,53.0,0.0,0.0,0.0,0.0,0.0
1012,687.0,0.0,2.0,0.0,2.0,0.0,0.0,26.0,2.0,2.0,0.0,1.0,27.0,20.0,35.0,6.0,14.0,14.0,11.0,9.0,7.0,5.0,1.0,12.0,6.0,4.0,0.0,1.0,0.0,0.0,0.0,1.0,0.0,26.0,10.0,1.0,3.0,3.0,16.0,13.0,5.0,12.0,0.0,0.0,2.0,4.0,12.0,2.0,2.0,0.0,2.0,9.0,8.0,3.0,1.0,4.0,0.0,2.0,0.0,0.0,0.0,0.0,0.0,0.0,0.0,257.0,64.0,95.0,107.0,360.0,51.0,72.0,161.0,194.0,1.0,18.0,116.0,57.0,211.0,233.0,100.0,3.0,152.0,200.0,286.0,104.0,31.0,49.0,19.0,62.0,10.0,0.0,0.0,0.0,0.0
1012,575.0,0.0,2.0,0.0,0.0,0.0,0.0,25.0,0.0,0.0,0.0,0.0,26.0,5.0,24.0,0.0,0.0,0.0,0.0,0.0,0.0,0.0,0.0,0.0,0.0,0.0,0.0,0.0,0.0,0.0,0.0,5.0,0.0,12.0,3.0,2.0,3.0,1.0,0.0,0.0,0.0,26.0,0.0,0.0,2.0,4.0,3.0,2.0,0.0,0.0,1.0,3.0,3.0,0.0,0.0,6.0,0.0,1.0,0.0,0.0,0.0,0.0,0.0,0.0,0.0,182.0,50.0,73.0,82.0,299.0,47.0,50.0,135.0,173.0,2.0,28.0,123.0,51.0,181.0,234.0,61.0,2.0,159.0,185.0,236.0,86.0,26.0,39.0,5.0,64.0,1.0,0.0,0.0,0.0,0.0
1013,248.0,0.0,0.0,0.0,1.0,0.0,0.0,1.0,5.0,5.0,0.0,0.0,8.0,5.0,10.0,1.0,10.0,4.0,5.0,2.0,3.0,5.0,1.0,1.0,2.0,3.0,0.0,0.0,0.0,0.0,0.0,0.0,0.0,7.0,7.0,3.0,1.0,2.0,2.0,0.0,5.0,5.0,0.0,1.0,0.0,1.0,0.0,1.0,0.0,0.0,3.0,8.0,3.0,2.0,3.0,0.0,0.0,0.0,0.0,0.0,0.0,0.0,0.0,0.0,0.0,99.0,17.0,57.0,43.0,151.0,29.0,23.0,47.0,98.0,0.0,5.0,61.0,29.0,88.0,81.0,20.0,0.0,70.0,67.0,113.0,29.0,11.0,14.0,7.0,31.0,2.0,0.0,0.0,0.0,0.0
1013,197.0,0.0,0.0,0.0,0.0,0.0,0.0,0.0,0.0,0.0,0.0,0.0,9.0,3.0,8.0,0.0,1.0,1.0,0.0,0.0,0.0,1.0,0.0,0.0,0.0,1.0,0.0,0.0,0.0,0.0,0.0,0.0,0.0,4.0,2.0,0.0,1.0,0.0,0.0,0.0,2.0,4.0,0.0,0.0,0.0,1.0,0.0,0.0,2.0,0.0,2.0,2.0,4.0,0.0,1.0,0.0,0.0,0.0,0.0,0.0,0.0,0.0,0.0,0.0,0.0,90.0,8.0,56.0,40.0,126.0,20.0,17.0,47.0,77.0,1.0,3.0,50.0,29.0,77.0,78.0,21.0,0.0,80.0,67.0,89.0,25.0,11.0,17.0,1.0,15.0,0.0,0.0,0.0,0.0,0.0
1013,275.0,0.0,0.0,0.0,0.0,0.0,4.0,0.0,3.0,3.0,0.0,0.0,15.0,9.0,12.0,0.0,4.0,6.0,4.0,0.0,0.0,1.0,0.0,0.0,1.0,0.0,0.0,0.0,0.0,0.0,0.0,0.0,0.0,10.0,5.0,0.0,2.0,2.0,0.0,0.0,5.0,3.0,0.0,1.0,4.0,0.0,0.0,0.0,2.0,0.0,1.0,6.0,9.0,2.0,0.0,0.0,0.0,0.0,0.0,0.0,0.0,0.0,0.0,0.0,0.0,106.0,13.0,33.0,42.0,147.0,43.0,41.0,51.0,98.0,1.0,9.0,61.0,36.0,87.0,96.0,29.0,4.0,81.0,104.0,93.0,47.0,9.0,16.0,3.0,12.0,2.0,0.0,0.0,0.0,0.0
1013,236.0,0.0,4.0,0.0,0.0,0.0,0.0,3.0,1.0,1.0,0.0,0.0,22.0,6.0,11.0,0.0,2.0,1.0,2.0,0.0,0.0,0.0,1.0,0.0,1.0,0.0,0.0,0.0,0.0,0.0,0.0,0.0,0.0,2.0,2.0,0.0,2.0,5.0,1.0,0.0,1.0,2.0,0.0,0.0,0.0,0.0,0.0,0.0,1.0,0.0,1.0,0.0,7.0,0.0,0.0,0.0,0.0,0.0,0.0,0.0,0.0,0.0,0.0,0.0,0.0,94.0,21.0,45.0,42.0,130.0,21.0,28.0,43.0,83.0,1.0,9.0,59.0,19.0,75.0,73.0,23.0,1.0,80.0,77.0,90.0,41.0,8.0,21.0,8.0,17.0,0.0,0.0,0.0,0.0,0.0
1014,152.0,0.0,0.0,0.0,0.0,0.0,0.0,0.0,1.0,1.0,0.0,0.0,11.0,3.0,6.0,0.0,0.0,0.0,0.0,0.0,0.0,0.0,0.0,0.0,0.0,0.0,0.0,0.0,0.0,0.0,0.0,0.0,0.0,0.0,5.0,0.0,2.0,0.0,0.0,0.0,0.0,4.0,1.0,0.0,0.0,4.0,1.0,1.0,2.0,0.0,1.0,3.0,6.0,1.0,0.0,0.0,0.0,0.0,0.0,0.0,0.0,0.0,0.0,0.0,0.0,75.0,4.0,19.0,31.0,67.0,21.0,12.0,38.0,52.0,1.0,11.0,28.0,20.0,51.0,48.0,8.0,1.0,40.0,53.0,66.0,27.0,14.0,12.0,0.0,13.0,2.0,0.0,0.0,0.0,0.0
1014,154.0,0.0,2.0,0.0,0.0,0.0,0.0,0.0,0.0,0.0,0.0,0.0,2.0,0.0,6.0,0.0,2.0,0.0,0.0,0.0,1.0,1.0,0.0,0.0,0.0,0.0,0.0,1.0,0.0,0.0,0.0,0.0,0.0,1.0,2.0,1.0,1.0,0.0,4.0,0.0,3.0,5.0,0.0,1.0,0.0,2.0,2.0,0.0,0.0,0.0,0.0,4.0,6.0,2.0,0.0,2.0,0.0,0.0,0.0,0.0,0.0,0.0,0.0,0.0,0.0,69.0,13.0,24.0,31.0,99.0,11.0,13.0,35.0,46.0,0.0,1.0,21.0,19.0,58.0,43.0,18.0,0.0,46.0,42.0,59.0,13.0,11.0,25.0,1.0,15.0,1.0,0.0,0.0,0.0,0.0
1014,149.0,0.0,2.0,0.0,0.0,0.0,0.0,1.0,0.0,0.0,0.0,0.0,7.0,1.0,6.0,1.0,0.0,0.0,0.0,0.0,0.0,0.0,0.0,0.0,0.0,0.0,0.0,0.0,0.0,0.0,0.0,0.0,0.0,1.0,2.0,0.0,0.0,0.0,0.0,0.0,0.0,6.0,0.0,0.0,0.0,4.0,0.0,0.0,0.0,0.0,0.0,1.0,3.0,0.0,0.0,0.0,0.0,0.0,0.0,0.0,0.0,0.0,0.0,0.0,0.0,54.0,6.0,27.0,23.0,89.0,17.0,10.0,38.0,44.0,0.0,2.0,30.0,20.0,45.0,56.0,16.0,0.0,39.0,54.0,68.0,17.0,9.0,17.0,0.0,20.0,1.0,0.0,0.0,0.0,0.0
1014,201.0,0.0,2.0,0.0,0.0,0.0,0.0,1.0,0.0,0.0,0.0,0.0,3.0,5.0,8.0,0.0,3.0,0.0,0.0,0.0,1.0,0.0,0.0,0.0,0.0,0.0,0.0,0.0,0.0,0.0,0.0,0.0,0.0,1.0,0.0,1.0,2.0,0.0,2.0,0.0,1.0,1.0,0.0,2.0,0.0,3.0,1.0,0.0,2.0,0.0,0.0,2.0,2.0,1.0,2.0,0.0,0.0,0.0,0.0,0.0,0.0,0.0,0.0,0.0,0.0,86.0,5.0,27.0,33.0,120.0,19.0,23.0,51.0,59.0,0.0,2.0,39.0,19.0,62.0,57.0,29.0,1.0,54.0,50.0,77.0,22.0,11.0,24.0,2.0,22.0,0.0,0.0,0.0,0.0,0.0
1015,312.0,0.0,0.0,0.0,0.0,0.0,0.0,0.0,3.0,3.0,0.0,0.0,16.0,2.0,14.0,0.0,1.0,1.0,1.0,0.0,0.0,1.0,0.0,1.0,1.0,0.0,0.0,0.0,0.0,0.0,0.0,0.0,0.0,13.0,0.0,2.0,1.0,1.0,6.0,4.0,0.0,10.0,2.0,0.0,0.0,1.0,2.0,6.0,0.0,0.0,3.0,0.0,12.0,1.0,2.0,0.0,0.0,0.0,0.0,0.0,0.0,0.0,0.0,0.0,0.0,114.0,25.0,43.0,56.0,185.0,47.0,28.0,86.0,106.0,1.0,13.0,45.0,25.0,93.0,95.0,29.0,0.0,102.0,85.0,127.0,26.0,10.0,28.0,1.0,19.0,0.0,0.0,0.0,0.0,0.0
1015,411.0,2.0,0.0,0.0,0.0,0.0,0.0,2.0,0.0,0.0,0.0,0.0,19.0,4.0,16.0,0.0,4.0,2.0,1.0,0.0,0.0,2.0,2.0,0.0,0.0,0.0,0.0,0.0,0.0,0.0,0.0,1.0,0.0,8.0,1.0,3.0,2.0,1.0,1.0,11.0,0.0,13.0,2.0,3.0,1.0,7.0,1.0,1.0,4.0,0.0,1.0,2.0,6.0,2.0,3.0,4.0,0.0,0.0,0.0,0.0,0.0,0.0,0.0,0.0,0.0,167.0,15.0,49.0,78.0,216.0,41.0,26.0,110.0,128.0,5.0,14.0,59.0,39.0,123.0,123.0,32.0,1.0,131.0,121.0,171.0,43.0,14.0,40.0,1.0,19.0,0.0,0.0,0.0,0.0,0.0
1015,296.0,2.0,0.0,0.0,0.0,0.0,0.0,0.0,0.0,0.0,0.0,0.0,12.0,0.0,15.0,0.0,15.0,1.0,0.0,1.0,0.0,3.0,0.0,0.0,0.0,0.0,0.0,0.0,0.0,0.0,0.0,0.0,0.0,5.0,0.0,4.0,2.0,0.0,3.0,2.0,1.0,4.0,1.0,1.0,1.0,4.0,1.0,0.0,2.0,0.0,0.0,2.0,2.0,2.0,1.0,2.0,0.0,1.0,0.0,0.0,0.0,0.0,0.0,0.0,0.0,107.0,18.0,33.0,54.0,163.0,36.0,31.0,77.0,90.0,4.0,11.0,60.0,27.0,89.0,109.0,22.0,1.0,86.0,66.0,127.0,39.0,13.0,22.0,1.0,21.0,0.0,0.0,0.0,0.0,0.0
1015,379.0,1.0,0.0,0.0,0.0,0.0,0.0,0.0,0.0,0.0,0.0,0.0,19.0,1.0,15.0,0.0,0.0,2.0,2.0,0.0,0.0,1.0,1.0,3.0,0.0,1.0,0.0,1.0,0.0,0.0,0.0,1.0,0.0,5.0,3.0,2.0,4.0,0.0,4.0,1.0,1.0,12.0,1.0,3.0,0.0,4.0,2.0,1.0,1.0,0.0,1.0,1.0,2.0,3.0,1.0,2.0,0.0,1.0,0.0,0.0,0.0,0.0,0.0,0.0,0.0,147.0,19.0,40.0,74.0,196.0,32.0,37.0,86.0,117.0,5.0,9.0,83.0,36.0,126.0,147.0,36.0,0.0,118.0,101.0,154.0,44.0,19.0,36.0,1.0,31.0,1.0,0.0,0.0,0.0,0.0
1016,232.0,0.0,0.0,0.0,0.0,0.0,0.0,0.0,1.0,1.0,0.0,0.0,28.0,2.0,6.0,0.0,1.0,1.0,2.0,0.0,0.0,0.0,0.0,0.0,0.0,0.0,1.0,0.0,0.0,0.0,0.0,0.0,0.0,2.0,2.0,3.0,3.0,2.0,0.0,2.0,1.0,5.0,1.0,1.0,2.0,2.0,6.0,2.0,5.0,0.0,1.0,3.0,2.0,0.0,0.0,1.0,0.0,0.0,0.0,0.0,0.0,0.0,0.0,0.0,0.0,82.0,16.0,44.0,34.0,136.0,21.0,21.0,57.0,112.0,1.0,10.0,42.0,30.0,91.0,80.0,37.0,1.0,54.0,67.0,111.0,28.0,10.0,26.0,1.0,13.0,1.0,0.0,0.0,0.0,0.0
1016,186.0,0.0,0.0,0.0,0.0,0.0,0.0,0.0,0.0,0.0,0.0,0.0,11.0,5.0,6.0,0.0,1.0,1.0,1.0,0.0,0.0,0.0,1.0,0.0,0.0,0.0,2.0,0.0,0.0,0.0,0.0,1.0,0.0,4.0,1.0,1.0,1.0,0.0,0.0,2.0,1.0,5.0,0.0,0.0,0.0,1.0,8.0,0.0,6.0,0.0,0.0,1.0,1.0,0.0,0.0,1.0,0.0,1.0,0.0,0.0,0.0,0.0,0.0,0.0,0.0,73.0,7.0,23.0,42.0,105.0,15.0,14.0,44.0,56.0,0.0,3.0,35.0,17.0,59.0,75.0,25.0,1.0,48.0,55.0,80.0,16.0,5.0,11.0,0.0,9.0,0.0,0.0,0.0,0.0,0.0
1016,180.0,0.0,0.0,0.0,0.0,0.0,0.0,0.0,0.0,0.0,0.0,0.0,13.0,1.0,5.0,0.0,1.0,1.0,2.0,0.0,0.0,0.0,0.0,0.0,0.0,0.0,0.0,0.0,0.0,0.0,0.0,0.0,0.0,6.0,0.0,4.0,4.0,0.0,0.0,0.0,0.0,0.0,0.0,3.0,0.0,0.0,9.0,0.0,6.0,0.0,0.0,0.0,3.0,0.0,0.0,0.0,0.0,1.0,0.0,0.0,0.0,0.0,0.0,0.0,0.0,59.0,4.0,31.0,25.0,86.0,26.0,15.0,46.0,65.0,1.0,8.0,41.0,20.0,68.0,78.0,16.0,3.0,36.0,41.0,76.0,24.0,5.0,20.0,0.0,18.0,0.0,0.0,0.0,0.0,0.0
1016,285.0,0.0,0.0,0.0,0.0,0.0,0.0,0.0,1.0,1.0,0.0,0.0,10.0,1.0,13.0,0.0,6.0,5.0,8.0,2.0,0.0,0.0,3.0,0.0,1.0,2.0,1.0,0.0,0.0,0.0,0.0,1.0,0.0,17.0,0.0,6.0,7.0,1.0,0.0,2.0,1.0,2.0,3.0,1.0,0.0,3.0,15.0,1.0,12.0,0.0,0.0,1.0,4.0,0.0,0.0,2.0,0.0,0.0,0.0,0.0,0.0,0.0,0.0,0.0,0.0,107.0,14.0,34.0,43.0,140.0,26.0,16.0,56.0,99.0,1.0,14.0,44.0,24.0,99.0,81.0,15.0,0.0,55.0,94.0,118.0,32.0,8.0,20.0,1.0,18.0,0.0,0.0,0.0,0.0,0.0
1017,207.0,0.0,0.0,0.0,0.0,1.0,0.0,0.0,0.0,0.0,0.0,0.0,6.0,1.0,12.0,0.0,2.0,1.0,1.0,1.0,1.0,0.0,1.0,0.0,0.0,1.0,1.0,0.0,0.0,0.0,0.0,1.0,0.0,5.0,1.0,4.0,0.0,6.0,2.0,1.0,0.0,1.0,0.0,0.0,1.0,0.0,0.0,1.0,0.0,0.0,0.0,4.0,3.0,2.0,0.0,3.0,0.0,0.0,0.0,0.0,0.0,0.0,0.0,0.0,0.0,79.0,11.0,34.0,24.0,120.0,22.0,16.0,43.0,71.0,2.0,2.0,35.0,35.0,72.0,87.0,21.0,2.0,59.0,65.0,98.0,21.0,8.0,12.0,3.0,14.0,0.0,0.0,0.0,0.0,0.0
1017,247.0,0.0,2.0,0.0,0.0,1.0,0.0,1.0,0.0,0.0,0.0,0.0,17.0,0.0,20.0,0.0,11.0,10.0,15.0,1.0,2.0,5.0,4.0,5.0,4.0,4.0,0.0,1.0,0.0,0.0,0.0,4.0,0.0,5.0,2.0,7.0,3.0,11.0,3.0,5.0,5.0,4.0,0.0,1.0,1.0,3.0,3.0,3.0,2.0,0.0,2.0,4.0,8.0,2.0,0.0,3.0,0.0,0.0,0.0,0.0,0.0,0.0,0.0,0.0,0.0,103.0,14.0,40.0,54.0,145.0,25.0,20.0,58.0,81.0,0.0,3.0,41.0,20.0,80.0,93.0,23.0,3.0,61.0,68.0,116.0,35.0,14.0,16.0,1.0,13.0,0.0,0.0,0.0,0.0,0.0
1017,249.0,0.0,0.0,0.0,0.0,0.0,0.0,0.0,0.0,0.0,0.0,0.0,20.0,1.0,10.0,0.0,1.0,1.0,1.0,0.0,0.0,0.0,1.0,0.0,0.0,0.0,1.0,0.0,0.0,0.0,0.0,2.0,0.0,6.0,3.0,6.0,1.0,0.0,0.0,2.0,0.0,3.0,0.0,1.0,0.0,1.0,0.0,0.0,0.0,0.0,0.0,4.0,9.0,0.0,0.0,3.0,0.0,0.0,0.0,0.0,0.0,0.0,0.0,0.0,0.0,100.0,18.0,47.0,48.0,148.0,21.0,33.0,57.0,84.0,0.0,6.0,71.0,34.0,106.0,107.0,22.0,2.0,66.0,82.0,93.0,32.0,15.0,30.0,3.0,15.0,1.0,0.0,0.0,0.0,0.0
1017,433.0,0.0,0.0,0.0,0.0,0.0,0.0,0.0,0.0,0.0,0.0,0.0,29.0,3.0,23.0,0.0,3.0,1.0,3.0,0.0,0.0,1.0,0.0,0.0,0.0,0.0,0.0,0.0,0.0,0.0,0.0,0.0,0.0,13.0,5.0,15.0,1.0,1.0,0.0,0.0,2.0,9.0,1.0,1.0,0.0,5.0,0.0,0.0,3.0,0.0,0.0,8.0,16.0,1.0,0.0,3.0,0.0,0.0,0.0,0.0,0.0,0.0,0.0,0.0,0.0,182.0,12.0,63.0,90.0,250.0,29.0,43.0,100.0,139.0,3.0,12.0,80.0,56.0,146.0,137.0,55.0,1.0,112.0,147.0,203.0,45.0,17.0,34.0,3.0,25.0,0.0,0.0,0.0,0.0,0.0
1018,208.0,0.0,0.0,0.0,0.0,0.0,0.0,1.0,0.0,0.0,0.0,0.0,10.0,4.0,13.0,0.0,2.0,0.0,1.0,0.0,0.0,1.0,0.0,0.0,0.0,0.0,0.0,0.0,0.0,0.0,0.0,0.0,1.0,7.0,2.0,2.0,0.0,1.0,0.0,0.0,0.0,11.0,2.0,0.0,0.0,0.0,0.0,0.0,4.0,0.0,0.0,1.0,3.0,0.0,0.0,0.0,0.0,2.0,0.0,0.0,0.0,0.0,0.0,0.0,0.0,81.0,14.0,29.0,24.0,117.0,15.0,19.0,52.0,72.0,3.0,4.0,40.0,23.0,56.0,68.0,20.0,1.0,60.0,63.0,100.0,21.0,9.0,26.0,3.0,19.0,0.0,0.0,0.0,0.0,0.0
1018,183.0,0.0,0.0,0.0,0.0,0.0,0.0,2.0,0.0,0.0,0.0,0.0,4.0,0.0,12.0,0.0,0.0,0.0,0.0,0.0,0.0,0.0,0.0,1.0,1.0,0.0,0.0,0.0,0.0,0.0,0.0,1.0,0.0,2.0,8.0,1.0,3.0,1.0,0.0,3.0,3.0,0.0,1.0,1.0,3.0,2.0,1.0,1.0,4.0,0.0,2.0,1.0,3.0,0.0,0.0,1.0,0.0,1.0,0.0,0.0,0.0,0.0,0.0,0.0,0.0,76.0,10.0,25.0,33.0,121.0,14.0,6.0,40.0,62.0,2.0,5.0,34.0,23.0,66.0,61.0,28.0,1.0,56.0,46.0,69.0,23.0,10.0,14.0,1.0,13.0,1.0,0.0,0.0,0.0,0.0
1018,200.0,0.0,0.0,0.0,0.0,0.0,0.0,2.0,0.0,0.0,0.0,0.0,3.0,2.0,12.0,1.0,0.0,0.0,0.0,0.0,0.0,0.0,0.0,0.0,0.0,0.0,0.0,0.0,0.0,0.0,0.0,0.0,0.0,3.0,4.0,4.0,1.0,0.0,3.0,0.0,0.0,2.0,1.0,0.0,1.0,2.0,1.0,1.0,4.0,0.0,1.0,1.0,2.0,0.0,0.0,1.0,0.0,0.0,0.0,0.0,0.0,0.0,0.0,0.0,0.0,87.0,19.0,24.0,16.0,114.0,11.0,21.0,45.0,87.0,0.0,5.0,55.0,21.0,65.0,74.0,29.0,1.0,62.0,80.0,87.0,24.0,11.0,11.0,1.0,19.0,0.0,0.0,0.0,0.0,0.0
1018,213.0,2.0,0.0,0.0,0.0,0.0,0.0,2.0,0.0,0.0,0.0,0.0,2.0,1.0,20.0,0.0,0.0,0.0,0.0,0.0,0.0,0.0,0.0,0.0,0.0,0.0,0.0,0.0,0.0,0.0,0.0,1.0,0.0,8.0,3.0,1.0,0.0,0.0,0.0,1.0,1.0,1.0,1.0,1.0,0.0,3.0,1.0,1.0,8.0,0.0,3.0,6.0,6.0,0.0,1.0,1.0,0.0,1.0,0.0,0.0,0.0,0.0,0.0,0.0,0.0,83.0,14.0,31.0,35.0,104.0,14.0,14.0,52.0,63.0,3.0,5.0,41.0,27.0,61.0,71.0,18.0,1.0,50.0,54.0,87.0,20.0,6.0,23.0,0.0,23.0,0.0,0.0,0.0,0.0,0.0
1019,761.0,0.0,12.0,0.0,0.0,1.0,0.0,9.0,0.0,0.0,0.0,0.0,27.0,2.0,29.0,0.0,4.0,2.0,1.0,0.0,1.0,1.0,1.0,0.0,0.0,2.0,0.0,0.0,0.0,0.0,0.0,0.0,0.0,4.0,3.0,0.0,0.0,0.0,1.0,3.0,1.0,1.0,2.0,1.0,2.0,1.0,0.0,1.0,0.0,0.0,2.0,8.0,10.0,1.0,0.0,3.0,0.0,1.0,0.0,0.0,0.0,0.0,0.0,0.0,0.0,304.0,55.0,127.0,131.0,491.0,86.0,70.0,198.0,266.0,6.0,19.0,141.0,86.0,231.0,238.0,90.0,3.0,243.0,258.0,381.0,93.0,31.0,52.0,9.0,50.0,0.0,0.0,0.0,0.0,0.0
1019,813.0,0.0,6.0,0.0,0.0,0.0,0.0,13.0,4.0,4.0,0.0,0.0,44.0,5.0,25.0,0.0,4.0,7.0,3.0,0.0,1.0,0.0,1.0,2.0,0.0,4.0,0.0,0.0,0.0,0.0,0.0,2.0,0.0,6.0,5.0,5.0,0.0,3.0,0.0,7.0,1.0,5.0,0.0,7.0,6.0,1.0,9.0,4.0,1.0,4.0,2.0,5.0,10.0,14.0,0.0,1.0,0.0,1.0,0.0,0.0,0.0,0.0,0.0,0.0,0.0,321.0,46.0,141.0,150.0,461.0,99.0,84.0,165.0,324.0,3.0,21.0,168.0,90.0,307.0,297.0,64.0,1.0,227.0,291.0,378.0,118.0,40.0,63.0,9.0,46.0,8.0,0.0,0.0,0.0,0.0
1019,874.0,0.0,6.0,0.0,0.0,0.0,0.0,8.0,0.0,0.0,0.0,0.0,39.0,4.0,34.0,0.0,7.0,5.0,4.0,4.0,1.0,4.0,0.0,1.0,2.0,1.0,2.0,3.0,0.0,0.0,0.0,0.0,0.0,5.0,3.0,0.0,1.0,2.0,1.0,0.0,0.0,8.0,0.0,1.0,0.0,3.0,1.0,2.0,0.0,0.0,0.0,0.0,6.0,4.0,1.0,3.0,0.0,1.0,0.0,0.0,0.0,0.0,0.0,0.0,0.0,341.0,45.0,155.0,148.0,551.0,86.0,73.0,188.0,320.0,6.0,17.0,191.0,102.0,248.0,343.0,96.0,10.0,270.0,273.0,398.0,116.0,58.0,75.0,11.0,64.0,0.0,0.0,0.0,0.0,0.0
1019,740.0,0.0,26.0,0.0,0.0,0.0,0.0,10.0,1.0,1.0,0.0,0.0,28.0,5.0,36.0,0.0,4.0,0.0,2.0,0.0,0.0,2.0,0.0,1.0,1.0,1.0,1.0,0.0,0.0,0.0,0.0,1.0,0.0,8.0,4.0,2.0,3.0,6.0,0.0,1.0,5.0,10.0,1.0,1.0,2.0,2.0,1.0,6.0,2.0,1.0,3.0,12.0,12.0,4.0,1.0,3.0,0.0,1.0,0.0,1.0,0.0,1.0,0.0,0.0,0.0,342.0,45.0,126.0,109.0,398.0,73.0,76.0,179.0,288.0,8.0,18.0,141.0,88.0,274.0,247.0,63.0,5.0,256.0,262.0,299.0,103.0,39.0,65.0,6.0,51.0,0.0,0.0,0.0,0.0,0.0
1020,234.0,0.0,0.0,0.0,0.0,0.0,0.0,0.0,0.0,0.0,0.0,0.0,9.0,3.0,11.0,0.0,4.0,3.0,1.0,0.0,1.0,1.0,1.0,0.0,0.0,0.0,0.0,0.0,0.0,0.0,0.0,0.0,0.0,1.0,3.0,2.0,0.0,1.0,2.0,3.0,1.0,1.0,0.0,5.0,0.0,0.0,1.0,1.0,0.0,0.0,1.0,4.0,0.0,1.0,0.0,1.0,0.0,1.0,0.0,0.0,0.0,0.0,0.0,0.0,0.0,93.0,12.0,35.0,38.0,140.0,20.0,26.0,56.0,75.0,1.0,7.0,44.0,24.0,75.0,94.0,26.0,0.0,61.0,59.0,96.0,24.0,12.0,14.0,0.0,19.0,0.0,0.0,0.0,0.0,0.0
1020,228.0,0.0,0.0,0.0,0.0,0.0,0.0,0.0,0.0,0.0,0.0,0.0,9.0,1.0,10.0,0.0,0.0,2.0,1.0,0.0,0.0,0.0,0.0,0.0,0.0,1.0,0.0,0.0,0.0,0.0,0.0,0.0,0.0,0.0,3.0,0.0,0.0,1.0,0.0,3.0,0.0,1.0,1.0,2.0,0.0,0.0,1.0,0.0,0.0,0.0,0.0,3.0,3.0,1.0,0.0,1.0,0.0,0.0,0.0,0.0,0.0,0.0,0.0,0.0,2.0,98.0,21.0,55.0,49.0,141.0,16.0,18.0,59.0,84.0,2.0,10.0,53.0,20.0,74.0,80.0,21.0,3.0,63.0,67.0,92.0,34.0,9.0,22.0,1.0,16.0,3.0,0.0,0.0,0.0,0.0
1020,250.0,0.0,0.0,0.0,0.0,0.0,0.0,0.0,0.0,0.0,0.0,0.0,5.0,3.0,14.0,0.0,5.0,1.0,2.0,0.0,0.0,1.0,0.0,0.0,0.0,1.0,0.0,0.0,0.0,0.0,0.0,0.0,0.0,2.0,5.0,1.0,1.0,1.0,1.0,4.0,1.0,5.0,2.0,1.0,0.0,0.0,0.0,1.0,1.0,0.0,0.0,3.0,4.0,0.0,1.0,0.0,0.0,0.0,0.0,0.0,0.0,0.0,0.0,0.0,2.0,111.0,14.0,43.0,51.0,165.0,17.0,19.0,59.0,66.0,2.0,8.0,58.0,26.0,84.0,80.0,16.0,2.0,63.0,76.0,100.0,29.0,9.0,22.0,3.0,16.0,1.0,0.0,0.0,0.0,0.0
1020,230.0,0.0,0.0,0.0,0.0,0.0,0.0,0.0,1.0,1.0,0.0,0.0,14.0,1.0,9.0,0.0,14.0,1.0,2.0,1.0,1.0,2.0,0.0,1.0,0.0,1.0,0.0,0.0,0.0,0.0,0.0,0.0,0.0,0.0,2.0,2.0,1.0,1.0,0.0,4.0,1.0,1.0,0.0,1.0,1.0,1.0,1.0,1.0,0.0,0.0,1.0,1.0,1.0,0.0,0.0,2.0,0.0,0.0,0.0,0.0,0.0,0.0,0.0,0.0,2.0,99.0,18.0,61.0,36.0,144.0,22.0,22.0,61.0,78.0,0.0,8.0,49.0,28.0,80.0,97.0,23.0,2.0,70.0,56.0,101.0,25.0,7.0,22.0,2.0,28.0,0.0,0.0,0.0,0.0,0.0
1021,104.0,0.0,0.0,0.0,0.0,0.0,0.0,0.0,0.0,0.0,0.0,0.0,3.0,2.0,5.0,1.0,1.0,0.0,0.0,0.0,0.0,0.0,0.0,1.0,0.0,0.0,0.0,0.0,0.0,0.0,0.0,0.0,0.0,4.0,2.0,2.0,2.0,0.0,0.0,0.0,4.0,1.0,0.0,2.0,0.0,0.0,3.0,1.0,0.0,1.0,0.0,3.0,3.0,0.0,0.0,0.0,0.0,1.0,0.0,0.0,0.0,0.0,0.0,0.0,0.0,48.0,11.0,11.0,15.0,55.0,10.0,8.0,29.0,41.0,0.0,4.0,21.0,10.0,39.0,41.0,14.0,1.0,32.0,27.0,53.0,20.0,1.0,13.0,0.0,19.0,1.0,0.0,0.0,0.0,0.0
1021,115.0,0.0,0.0,0.0,0.0,0.0,0.0,0.0,0.0,0.0,0.0,0.0,9.0,2.0,7.0,0.0,0.0,0.0,0.0,0.0,0.0,0.0,0.0,0.0,0.0,0.0,0.0,0.0,0.0,0.0,0.0,0.0,0.0,10.0,2.0,1.0,3.0,0.0,1.0,1.0,0.0,0.0,2.0,1.0,0.0,2.0,3.0,0.0,1.0,0.0,3.0,2.0,3.0,0.0,0.0,0.0,0.0,0.0,0.0,0.0,0.0,0.0,0.0,0.0,0.0,55.0,5.0,21.0,28.0,69.0,12.0,18.0,34.0,41.0,0.0,6.0,21.0,14.0,32.0,38.0,8.0,0.0,43.0,27.0,36.0,18.0,8.0,11.0,0.0,10.0,0.0,0.0,0.0,0.0,0.0
1021,154.0,0.0,0.0,0.0,0.0,0.0,0.0,0.0,0.0,0.0,0.0,0.0,11.0,2.0,6.0,0.0,1.0,1.0,2.0,0.0,0.0,0.0,0.0,0.0,0.0,0.0,0.0,10.0,0.0,0.0,0.0,0.0,0.0,6.0,2.0,4.0,2.0,1.0,1.0,1.0,0.0,3.0,1.0,2.0,1.0,4.0,7.0,8.0,8.0,1.0,2.0,5.0,3.0,0.0,0.0,1.0,0.0,0.0,0.0,0.0,0.0,0.0,0.0,0.0,0.0,72.0,5.0,15.0,27.0,83.0,19.0,15.0,41.0,56.0,1.0,8.0,24.0,27.0,55.0,49.0,20.0,0.0,47.0,50.0,52.0,24.0,5.0,16.0,0.0,11.0,2.0,0.0,0.0,0.0,0.0
1021,155.0,0.0,0.0,0.0,0.0,0.0,0.0,0.0,1.0,1.0,0.0,0.0,17.0,0.0,8.0,0.0,7.0,11.0,10.0,3.0,5.0,0.0,2.0,2.0,1.0,0.0,0.0,0.0,0.0,0.0,0.0,0.0,0.0,9.0,0.0,5.0,1.0,2.0,0.0,3.0,0.0,0.0,3.0,0.0,1.0,3.0,0.0,0.0,6.0,0.0,1.0,1.0,4.0,6.0,3.0,0.0,0.0,0.0,0.0,0.0,0.0,0.0,0.0,0.0,0.0,45.0,4.0,24.0,20.0,112.0,26.0,7.0,41.0,48.0,0.0,0.0,24.0,14.0,47.0,56.0,11.0,0.0,58.0,44.0,61.0,12.0,10.0,6.0,4.0,20.0,0.0,0.0,0.0,0.0,0.0
1022,225.0,0.0,2.0,0.0,0.0,0.0,0.0,0.0,0.0,0.0,0.0,0.0,16.0,1.0,10.0,0.0,0.0,0.0,0.0,0.0,0.0,0.0,0.0,0.0,0.0,0.0,0.0,0.0,0.0,0.0,0.0,4.0,0.0,2.0,2.0,2.0,0.0,0.0,0.0,0.0,0.0,4.0,0.0,0.0,0.0,1.0,0.0,0.0,0.0,0.0,0.0,1.0,3.0,2.0,0.0,0.0,0.0,0.0,0.0,0.0,0.0,0.0,0.0,0.0,0.0,104.0,13.0,69.0,49.0,143.0,22.0,28.0,30.0,132.0,18.0,6.0,64.0,31.0,99.0,80.0,24.0,2.0,59.0,101.0,106.0,51.0,16.0,10.0,1.0,26.0,0.0,0.0,0.0,0.0,0.0
1022,182.0,0.0,0.0,0.0,0.0,0.0,0.0,1.0,3.0,3.0,0.0,0.0,16.0,2.0,6.0,0.0,1.0,5.0,2.0,0.0,0.0,0.0,0.0,0.0,0.0,0.0,2.0,0.0,0.0,0.0,0.0,0.0,0.0,3.0,4.0,0.0,1.0,0.0,1.0,0.0,1.0,1.0,0.0,3.0,0.0,0.0,3.0,0.0,1.0,0.0,0.0,1.0,4.0,3.0,0.0,0.0,0.0,0.0,0.0,0.0,0.0,0.0,0.0,0.0,0.0,77.0,4.0,45.0,50.0,114.0,25.0,20.0,22.0,104.0,7.0,4.0,33.0,18.0,78.0,68.0,30.0,3.0,54.0,73.0,80.0,28.0,8.0,9.0,1.0,17.0,3.0,0.0,0.0,0.0,0.0
1022,162.0,0.0,0.0,0.0,0.0,0.0,0.0,0.0,0.0,0.0,0.0,0.0,11.0,1.0,6.0,0.0,0.0,0.0,0.0,0.0,0.0,0.0,0.0,0.0,0.0,0.0,1.0,0.0,0.0,0.0,0.0,0.0,0.0,3.0,0.0,0.0,1.0,0.0,1.0,0.0,0.0,1.0,0.0,0.0,0.0,0.0,1.0,0.0,1.0,0.0,0.0,0.0,2.0,1.0,0.0,0.0,0.0,0.0,0.0,0.0,0.0,0.0,0.0,0.0,0.0,70.0,8.0,45.0,45.0,108.0,21.0,17.0,28.0,104.0,5.0,4.0,48.0,21.0,60.0,69.0,30.0,2.0,58.0,65.0,78.0,34.0,12.0,14.0,2.0,7.0,0.0,0.0,0.0,0.0,0.0
1022,238.0,0.0,0.0,0.0,0.0,0.0,0.0,0.0,0.0,0.0,0.0,0.0,12.0,6.0,10.0,0.0,0.0,0.0,0.0,0.0,0.0,0.0,0.0,0.0,0.0,0.0,0.0,0.0,0.0,0.0,0.0,0.0,0.0,2.0,1.0,1.0,1.0,0.0,1.0,2.0,0.0,3.0,0.0,0.0,1.0,0.0,2.0,0.0,3.0,0.0,1.0,0.0,2.0,2.0,0.0,2.0,0.0,0.0,0.0,0.0,0.0,0.0,0.0,0.0,0.0,113.0,12.0,54.0,63.0,164.0,20.0,43.0,28.0,125.0,8.0,7.0,62.0,36.0,127.0,108.0,42.0,1.0,86.0,83.0,105.0,46.0,21.0,10.0,3.0,13.0,0.0,0.0,0.0,0.0,0.0
1023,198.0,0.0,0.0,0.0,0.0,0.0,0.0,0.0,3.0,3.0,0.0,0.0,10.0,0.0,9.0,0.0,0.0,0.0,0.0,0.0,0.0,0.0,0.0,0.0,0.0,0.0,2.0,1.0,0.0,0.0,0.0,0.0,0.0,10.0,4.0,4.0,0.0,5.0,1.0,0.0,1.0,3.0,0.0,1.0,0.0,3.0,2.0,2.0,3.0,0.0,1.0,0.0,5.0,0.0,0.0,3.0,0.0,0.0,0.0,0.0,0.0,0.0,0.0,0.0,0.0,69.0,8.0,22.0,29.0,109.0,14.0,25.0,48.0,61.0,1.0,9.0,41.0,20.0,72.0,85.0,27.0,0.0,50.0,62.0,76.0,32.0,8.0,23.0,1.0,12.0,0.0,0.0,0.0,0.0,0.0
1023,174.0,0.0,0.0,0.0,0.0,0.0,0.0,0.0,3.0,3.0,0.0,0.0,8.0,0.0,6.0,2.0,0.0,0.0,0.0,0.0,0.0,0.0,0.0,0.0,0.0,0.0,1.0,0.0,0.0,0.0,0.0,0.0,0.0,0.0,0.0,0.0,0.0,0.0,0.0,0.0,0.0,2.0,0.0,0.0,0.0,1.0,1.0,0.0,2.0,0.0,0.0,0.0,4.0,0.0,0.0,0.0,0.0,0.0,0.0,8.0,0.0,8.0,0.0,0.0,0.0,58.0,10.0,36.0,35.0,121.0,19.0,23.0,45.0,65.0,0.0,7.0,27.0,15.0,67.0,64.0,19.0,0.0,53.0,64.0,78.0,25.0,18.0,12.0,6.0,8.0,0.0,0.0,0.0,0.0,0.0
1023,360.0,0.0,0.0,0.0,0.0,1.0,0.0,0.0,3.0,3.0,0.0,0.0,15.0,0.0,14.0,0.0,1.0,1.0,1.0,0.0,1.0,0.0,0.0,0.0,1.0,1.0,2.0,0.0,0.0,0.0,0.0,1.0,0.0,3.0,3.0,1.0,0.0,0.0,0.0,0.0,0.0,4.0,0.0,0.0,0.0,1.0,2.0,0.0,1.0,0.0,0.0,3.0,1.0,0.0,1.0,0.0,0.0,0.0,1.0,2.0,0.0,2.0,0.0,0.0,0.0,137.0,21.0,78.0,65.0,241.0,31.0,30.0,88.0,152.0,3.0,13.0,67.0,31.0,145.0,132.0,37.0,1.0,107.0,120.0,171.0,39.0,35.0,31.0,8.0,24.0,0.0,0.0,0.0,0.0,0.0
1023,264.0,0.0,0.0,0.0,0.0,0.0,0.0,0.0,2.0,2.0,0.0,0.0,6.0,0.0,11.0,0.0,1.0,2.0,3.0,0.0,0.0,0.0,0.0,0.0,0.0,0.0,1.0,0.0,0.0,0.0,0.0,0.0,0.0,5.0,3.0,1.0,1.0,2.0,0.0,0.0,0.0,4.0,0.0,1.0,0.0,5.0,3.0,0.0,2.0,0.0,0.0,3.0,2.0,2.0,0.0,0.0,0.0,0.0,1.0,1.0,0.0,1.0,0.0,0.0,0.0,92.0,17.0,44.0,30.0,164.0,21.0,22.0,56.0,92.0,1.0,13.0,62.0,24.0,92.0,96.0,20.0,0.0,74.0,87.0,116.0,49.0,19.0,28.0,3.0,15.0,0.0,0.0,0.0,0.0,0.0
1024,153.0,0.0,0.0,0.0,0.0,0.0,0.0,3.0,1.0,1.0,0.0,0.0,9.0,1.0,5.0,0.0,3.0,2.0,3.0,0.0,0.0,0.0,0.0,0.0,0.0,0.0,0.0,0.0,0.0,0.0,0.0,0.0,0.0,2.0,2.0,2.0,1.0,0.0,0.0,2.0,1.0,1.0,0.0,0.0,0.0,0.0,0.0,0.0,0.0,0.0,2.0,0.0,2.0,0.0,2.0,1.0,0.0,0.0,0.0,0.0,0.0,0.0,0.0,0.0,0.0,67.0,9.0,38.0,28.0,92.0,18.0,14.0,26.0,71.0,0.0,3.0,28.0,20.0,62.0,56.0,16.0,1.0,55.0,59.0,64.0,25.0,16.0,8.0,2.0,18.0,0.0,0.0,0.0,0.0,0.0
1024,158.0,0.0,0.0,0.0,0.0,0.0,0.0,4.0,1.0,1.0,0.0,0.0,10.0,1.0,6.0,0.0,0.0,0.0,0.0,0.0,0.0,0.0,0.0,0.0,0.0,0.0,0.0,0.0,0.0,0.0,0.0,0.0,0.0,0.0,3.0,2.0,0.0,0.0,0.0,3.0,1.0,3.0,0.0,0.0,0.0,0.0,1.0,0.0,0.0,0.0,2.0,0.0,2.0,1.0,4.0,3.0,0.0,1.0,0.0,0.0,0.0,0.0,0.0,0.0,0.0,70.0,5.0,25.0,35.0,107.0,22.0,15.0,23.0,52.0,1.0,2.0,29.0,14.0,65.0,60.0,12.0,0.0,46.0,51.0,76.0,14.0,13.0,4.0,1.0,11.0,0.0,0.0,0.0,0.0,0.0
1024,157.0,0.0,0.0,0.0,0.0,0.0,0.0,0.0,0.0,0.0,0.0,0.0,8.0,3.0,6.0,0.0,2.0,2.0,4.0,0.0,0.0,0.0,0.0,0.0,0.0,0.0,0.0,0.0,0.0,0.0,0.0,0.0,0.0,1.0,0.0,3.0,2.0,0.0,0.0,1.0,0.0,1.0,0.0,0.0,0.0,0.0,1.0,0.0,0.0,0.0,3.0,0.0,3.0,1.0,0.0,1.0,0.0,0.0,0.0,0.0,0.0,0.0,0.0,0.0,0.0,71.0,11.0,33.0,31.0,132.0,15.0,15.0,26.0,75.0,0.0,2.0,31.0,22.0,65.0,51.0,17.0,1.0,48.0,73.0,62.0,19.0,22.0,8.0,1.0,7.0,0.0,0.0,0.0,0.0,0.0
1024,178.0,0.0,2.0,0.0,0.0,0.0,0.0,0.0,0.0,0.0,0.0,0.0,13.0,2.0,7.0,0.0,0.0,0.0,0.0,0.0,0.0,0.0,0.0,0.0,0.0,0.0,0.0,1.0,0.0,0.0,0.0,2.0,0.0,0.0,0.0,1.0,0.0,0.0,0.0,0.0,1.0,2.0,0.0,0.0,0.0,0.0,0.0,2.0,0.0,0.0,0.0,2.0,0.0,0.0,0.0,1.0,0.0,0.0,0.0,0.0,0.0,0.0,0.0,0.0,0.0,70.0,12.0,41.0,39.0,121.0,17.0,14.0,29.0,67.0,2.0,2.0,32.0,23.0,64.0,59.0,15.0,0.0,63.0,71.0,76.0,24.0,29.0,15.0,0.0,10.0,0.0,0.0,0.0,0.0,0.0
