[ 0.00000000e+00  1.24140090e-01  1.76170361e+00  1.19122555e+00
  1.28200527e+00  0.00000000e+00  3.91619036e+00  1.22944959e+01
  3.78726361e-01  2.89385439e-01 -2.91793660e-01  9.48104302e-01
  1.30205028e+00  0.00000000e+00  3.21551636e-01  1.86818028e+00
  3.28559334e+00  1.78261083e+00  7.59636132e-01  6.71781629e-01
  3.17997147e-03  9.03730888e-01  1.13284829e+00  8.81483549e-01
  2.87186699e+00  2.67465341e-01  2.22313106e-01  3.61992867e+00
  3.17787740e+00  6.00949328e-01  1.38530485e+00  1.36251602e-01
  0.00000000e+00  8.91792770e-01  8.94308791e+01  1.08979853e+01
  3.48244446e+01  5.02524871e+01  6.78462600e+01  2.04677184e+00
  1.31588073e+01  2.20147818e+01  7.40104292e+01  6.73900638e+01
  2.64379757e+01  6.25230070e+01  4.07497010e+01  2.77071253e+01
  1.79528038e+01  2.24337209e+01  1.86940296e+01] - 11.336704257574375
[ 0.00000000e+00  3.00781286e-01  9.67698857e+00  1.40121769e+00
  1.12263527e+00  0.00000000e+00  5.34879568e+00  1.23097523e+01
  2.82834292e+00  2.64598161e+00  9.08241920e-01  1.45402226e+00
 -6.64052417e-01  0.00000000e+00  9.09031807e-01  3.43249821e+00
  2.63528386e-01  2.32196041e+00  3.06002332e+00  4.08555173e+00
 -1.03931816e+00  1.34869965e-02  1.09360541e+00  1.01735908e-01
  1.51747043e+00 -3.82484281e-01  1.77923951e+00 -7.83362595e-01
  3.77484445e+00  2.55050253e+00 -2.24395143e+00  9.46802959e-01
  0.00000000e+00 -4.97966572e-01  6.16490212e+01  1.51186655e+01
  3.92132218e+01  3.21401834e+01  4.14271120e+01  2.36047288e-01
  5.50434977e+00  2.99997967e+01  5.79579915e+01  8.37086521e+01
  1.89266948e+01  7.48509575e+01  6.84512699e+01  2.28599439e+01
  2.19707233e+01  2.36358443e+01  6.50802007e+00] - 10.714857186856806
[-1.44267750e+03  3.61202957e+00  1.66167059e+01  9.93743440e-01
 -3.60351759e-01 -1.58271585e+00  1.58136640e+01  7.08659816e+00
 -1.38603433e+01  3.51669606e+00  7.55596523e-01  2.16348453e+00
  7.17411840e+01  9.34191681e+00  6.75060157e+01 -8.39467959e+00
  8.05571948e+00 -3.21743365e+01 -6.66266676e+00  3.48389779e+01
  1.36743559e+01  4.43755843e+00 -5.21005784e+00 -5.36097486e+00
  2.58409844e+00 -1.38719316e+00  1.03732410e+00  1.49637486e+01
 -1.56947743e+00 -1.81899216e+00  3.36815732e+00  1.59215558e+00
 -5.59048687e-01 -2.01338674e+01  3.77017554e+01  6.16244603e-01
 -4.29747204e+00  4.30224359e+01  2.15442476e+01 -2.65271142e+01
 -9.57044208e-01  3.06054551e+00  5.34870316e+01  3.34917945e+01
  3.67882988e+01  4.16727147e+01  5.12688469e+01  1.31186842e+00
 -2.05644929e+01  6.12238980e+00  5.66149957e-01] - 0.5859407368700975
[ 1.01837262e+02 -1.82971570e+00  1.60511736e+01  7.93838783e-01
 -3.47007466e+00 -3.11342225e-01  9.37386593e+00  6.03244902e+00
 -1.00448521e+01 -3.84980686e+00 -6.62277044e-02  7.08277334e-01
  5.09352490e+01  1.32378593e+01  6.10987475e+01 -5.22972301e+00
  2.13222230e+01 -3.10743117e+01 -1.59680097e+01  2.58204646e+01
  1.00582974e+01  1.64934849e+01 -4.03571273e+00  9.26949241e+00
 -7.89604219e+00 -3.35628075e+00 -4.86140111e+00  1.48735169e+01
  6.38362683e+00  1.90393428e+00  3.16372570e-01 -3.77137433e+00
 -7.14011593e-02 -2.45171815e+01  6.53691584e+01  9.93570519e+00
 -1.33949122e+01  3.54623167e+01  3.17007976e+01 -3.18083378e+01
  9.36796112e+00  7.76898775e+00  7.32931782e+01  3.54066524e+01
  3.82385191e+01  3.94484196e+01  4.37449346e+01  1.07438362e+01
 -2.36030976e+01 -2.38573100e+00 -4.73310419e+00] - 0.733828737238437
[-2.59659260e+03  4.79334241e+00  2.43381135e+01  3.19203738e-01
 -1.04283192e+01 -4.91327512e-01  1.26288948e+01  7.16637759e+00
 -8.66024907e+00 -5.68519524e+00 -5.95121258e-01  3.28056538e+00
  8.14832993e+01 -2.91940874e+01  6.72141664e+01 -1.08158419e+01
  2.75374970e+01 -4.21043685e+01 -5.07851802e+00  3.27728043e+01
  2.26554222e+01  2.57199632e+01 -9.64741296e+00 -8.71500439e+00
  4.35770740e+00 -1.21687777e+01 -6.36968963e+00  2.76618702e+01
  7.84037788e+00 -1.04602817e-01  1.76691296e+00  6.58897628e+00
 -1.26141483e+00 -3.72354414e+01  8.47992889e+01  9.98215566e+00
 -1.44463247e+01  5.73028263e+01  5.58482230e+01 -4.76023660e+01
  1.30494171e+01  4.86336796e+00  8.32706788e+01  4.45187529e+01
  4.35245305e+01  5.19583640e+01  5.68470573e+01  9.57010079e+00
 -2.41340328e+01 -1.11928047e+01 -8.52639431e+00] - 0.05828849847805371
[ 6.69357037e+02  9.17055829e+00  3.11856960e+01  1.31708016e+00
 -8.24865023e+00  4.28008999e+00  4.87604933e+00  8.62702625e+00
 -1.01392998e+01 -2.75311621e+00  1.70516521e+00  1.55298695e+00
  5.35965870e+01 -3.86907492e+01  8.49537570e+01 -1.68443227e+01
  1.73819816e+01 -3.42557412e+01 -4.67282099e+00  3.23585953e+01
  1.06651189e+01  1.80649696e+01 -3.29323181e+00  1.15807405e+01
  1.18208331e+01  3.67431179e+00  1.21643713e+00  1.71201925e+01
  4.49009977e+00  2.56156909e+00  9.97476374e-03  1.61843957e-01
 -1.53446709e-01 -1.35886812e+01  6.43498018e+01  6.21716092e+00
  1.90242193e+00  5.70275613e+01  1.51723089e+01 -4.72989341e+01
  1.53041776e+01  7.85991497e+00  8.34317607e+01  2.27050616e+01
  2.93408947e+01  4.66871471e+01  2.05975921e+01  1.90389637e+01
 -2.62930340e+01 -2.37113841e+00 -8.92480601e+00] - 0.10358396227752376
[ 1.15284395e+03  1.43537663e+00  2.01001909e+01  8.44973127e-01
 -1.62194988e+01  1.97442369e+00  1.76699273e+01  4.65767469e+00
 -9.20739219e+00 -1.02636357e+01 -3.46797067e-01  1.55247133e+00
  7.22285675e+01 -2.42767283e+01  6.53655447e+01 -1.08613242e+01
  1.84742588e+01 -3.91026235e+01 -2.31009602e+01  2.58191391e+01
  3.18739766e+01  1.87914755e+01 -1.50546510e+01  1.85454775e+01
  2.01807105e+00 -1.11383419e+01 -8.73030679e+00  2.10565239e+01
  3.70874517e+00  1.90865660e+00  1.80524206e+00  1.36331539e+01
  1.31244891e+00  6.53227445e+00  6.45080462e+01  1.04414944e+01
 -6.56835238e+00  5.52294851e+01  2.71555443e+01 -3.85675239e+01
  4.39903526e+00  5.34658791e+00  9.00601590e+01  3.71640371e+01
  4.32815531e+01  4.85068023e+01  4.32123971e+01  4.46537972e+00
 -2.65835583e+01 -8.26833933e+00 -2.53434311e+00] - 0.1130168445382179
[ 7.27056311e+03  6.37636444e+00  1.01160836e+01  4.76952163e-01
 -1.28262087e+01 -1.44612981e+01  1.30603738e+01  2.58527086e+00
 -1.39590117e+01 -1.69822216e+01  1.75480715e-01  1.00773398e+00
  7.91420275e+01 -2.49494015e+02  6.89745706e+01 -7.09838662e+00
  2.09858655e+01 -4.23311671e+01 -8.44089120e+00  3.45017179e+01
  1.53191434e+01  1.49752274e+01 -1.02132136e+01  4.84464231e+00
 -3.49892990e-01 -3.83433179e+00 -8.76173020e+00  2.65008012e+01
  5.21938808e+00  5.85920271e-01  9.59102320e-01 -6.89120632e+00
  1.29280575e+00 -4.19259222e+01  6.97481241e+01  1.18956262e+01
 -2.00874370e+01  4.31005247e+01  4.14581532e+01 -3.13173147e+01
  1.05414478e+01  1.27367931e+01  7.72252292e+01  3.91517382e+01
  4.63989144e+01  3.99301527e+01  6.15840854e+01  7.39090736e+00
 -2.13149625e+01 -7.00785986e+00 -3.79571005e+00] - 0.02465631068173433
[ 2.45011440e+03  8.79155882e+00  7.22068848e+00  4.14111871e-01
 -3.84528428e+00  1.49526782e+00  1.35890266e+01  3.14876316e+00
  6.91175683e+00 -9.71467306e+00  2.56986982e-01  6.39703774e-01
  7.45826055e+01  3.91263251e-01  1.11301401e+02 -1.08217609e+01
  1.71890505e+01 -3.93080774e+01 -6.33724855e+00  4.37811164e+01
  1.12814991e+01  1.10862030e+01 -6.30657410e+00  1.63904384e+01
  1.69656075e+00 -3.42953954e+00 -5.47826917e+00  1.42131665e+01
  3.84397995e+00  1.48048055e+00  1.51413315e+00  5.22431163e+00
  1.30220401e-01 -7.92771424e+01  6.02538670e+01  2.03133579e+01
 -6.26397164e+00  5.21235058e+01  3.87849716e+01 -3.64839590e+01
  7.54793184e+00 -1.20048102e+00  7.45775152e+01  3.15779786e+01
  4.58739384e+01  4.99277963e+01  5.93139863e+01  1.19527346e+01
 -1.99217057e+01  4.95670976e+00 -2.81579472e+00] - 0.1332406911043024
[-3.88761676e+04  7.64947639e+00  2.98169526e+01  2.01846257e-02
 -1.18183648e+01 -1.47509446e+01  1.03582131e+01  4.35161104e+00
 -8.53732364e+00 -5.08832524e+00 -2.73607795e-01  5.55290477e-01
  1.01657466e+02  6.26223864e+02  1.28627480e+02 -1.06888902e+01
  1.43925648e+01 -3.90179492e+01 -2.75769146e+01  5.56666971e+01
  2.19264415e+01  8.99345339e+00 -1.66647839e+00  1.81721454e+01
 -8.07988382e-01  3.38979546e+00  5.29075520e-02  1.49945678e+01
  1.77959799e+00 -4.46564844e-01  2.82412982e+00 -4.21116623e+00
  1.19923221e+01 -4.87190539e+01  5.68455625e+01  1.29792912e+01
  9.07325276e+00  5.15720308e+01  5.72919079e+01 -3.39352539e+01
  3.18231878e+00 -1.19033630e+01  7.10452221e+01  3.14559340e+01
  5.26270516e+01  4.28213016e+01  6.26346023e+01  9.71152988e+00
 -1.97562634e+01  2.28247678e+01 -5.81982359e+00] - 0.008339029969097134
[-6.46000316e+04  9.94144902e+00  8.81353547e+00  1.96102087e+00
 -6.09511805e+00  1.58142181e+01  1.60623744e+00  4.67199609e+00
 -1.37951005e+01 -1.87832623e+00  8.82988181e-01  2.43371936e+00
  6.10723042e+01 -4.97439259e+02  4.94050601e+01 -2.32019951e+01
  1.74888811e+01 -2.10129661e+01  1.70554496e+01  7.88513109e+00
 -2.51141173e+00  2.24023921e+01 -2.01248132e+01 -3.66348207e+00
  1.01308577e+01 -2.59701590e+01 -3.75184201e+00  1.75643069e+01
  9.31924923e+00  2.37265510e+00  6.67876459e-01 -1.07010089e+00
  2.82351714e+01 -3.54727657e+01  8.65259387e+01  1.08988441e+01
 -9.08820391e+00  3.13080216e+01  8.65702852e+01 -5.91389044e+01
  1.78004714e+01 -6.54257290e+00  4.56383004e+01  4.50751113e+01
  3.36252362e+01  2.54250231e+01  3.77941641e+01  3.29430345e+01
 -9.19297951e+00 -2.27355561e+00 -7.41956808e+00] - 0.0031028006483784136
