[ 0.00000000e+00  3.70919084e-01  7.94850083e+00  5.69740356e-01
  6.67229633e-01  0.00000000e+00 -3.58074660e+00  1.93717199e+01
  2.45323201e+00 -7.17163482e-01  9.36163315e-01  9.26141697e-01
  7.19549937e-01  0.00000000e+00  9.86538129e-01  3.64324223e+00
  4.58570141e+00  4.65587354e+00  2.94461358e+00  4.40036158e-01
  5.52299997e-01 -3.91834445e+00  7.54599477e-01  2.55140755e+00
  3.11671621e+00 -5.17501307e-03 -5.07464177e-01  2.30236021e+00
  2.15029497e+00  2.70486627e+00 -3.65117396e+00 -6.40237054e-01
  0.00000000e+00  6.81867338e-01  2.05406596e+02  9.26357759e+00
  5.20433401e+01  1.01502544e+02 -6.42926126e+00 -8.92167115e-01
 -2.35897543e+00  2.44695026e+01  4.46213316e+01  1.29575200e+02
  3.33819233e+01  8.19509967e+01  7.31744484e+01  7.58171050e+00
  2.06467078e+00  2.43296827e+01  3.41667640e+01] - 1.254681504603243
[-8.32993163e+05 -1.07226962e+03  1.56473104e+04 -1.34302680e+02
 -1.66876356e+03  2.76263231e+02 -3.05713433e+03 -5.58269940e+03
  2.71646980e+03 -9.42737875e+03  1.30641167e+01 -1.81677955e+02
 -5.18888765e+03 -2.76171533e+03 -2.78362091e+03 -6.88346763e+03
  5.76787992e+03  3.96491161e+02  7.43939425e+03 -8.75757123e+03
  1.76194331e+04  3.41421197e+03  5.05747925e+03  1.08947578e+04
 -4.92602979e+03 -5.64653888e+03 -6.98230663e+02  1.27401386e+03
  3.92599485e+02 -5.89703835e+01  3.25715614e+02  4.17700903e+03
  1.62798573e+02  1.30285662e+04 -2.85786166e+04 -6.16962779e+03
 -1.56347317e+03  1.15090502e+04 -8.03987241e+03  1.37406282e+03
 -2.27228428e+04 -2.20822945e+04 -6.02125773e+03 -1.17482791e+04
  1.60395398e+04  1.39866462e+04  1.30195712e+04 -2.45386599e+04
 -1.40081973e+04 -4.04368399e+03  9.20832743e+03] - 0.027733019710956548
[ 3.73344219e+05  1.40746622e+06  1.88928010e+05 -1.49004791e+06
  5.77565264e+05  5.20531999e+05 -5.76051169e+05 -1.83046126e+05
 -7.02829904e+04  9.27958386e+05 -4.78894856e+06  8.29374137e+05
  2.11796331e+06  3.94775399e+06  6.44356496e+06 -2.12503881e+06
 -1.47974728e+06 -3.46865089e+06  8.19985447e+05  3.17186014e+04
 -1.20063884e+05 -9.90026563e+05 -6.30312017e+06  3.22337749e+05
 -6.37198407e+06 -3.38031619e+06 -2.28128300e+05  1.22008646e+06
 -9.09348844e+06  1.47051877e+06 -1.46782357e+06  3.23133837e+05
 -2.46386681e+06  1.22108317e+05  1.81492076e+06 -1.34600692e+05
  1.76167343e+06 -7.55661756e+04  1.31618627e+05  3.43484068e+05
  1.33558802e+06 -6.38576642e+04  6.30435759e+03 -3.94847546e+04
  2.75535346e+05  6.28622017e+05  9.27638963e+04  1.83871263e+05
  1.75272666e+05 -1.02503292e+06  1.19144856e+06  6.88758056e+05
  5.05500814e+04  6.14835286e+05 -7.56118194e+05  3.15628312e+05
 -7.27159811e+03 -6.06224111e+05  2.07949978e+05  2.37691361e+03
 -1.04712294e+05  0.00000000e+00  9.59599018e+04 -6.45086989e+05
  0.00000000e+00  0.00000000e+00  4.19855347e+04  4.56143243e+05
  3.80145018e+05 -1.37120316e+05  7.63535183e+05  0.00000000e+00
  1.90145809e+04  2.96112293e+06 -2.12242539e+05 -1.65195776e+06
  9.21652427e+04 -3.09093581e+05  2.34062769e+04  0.00000000e+00
  0.00000000e+00  0.00000000e+00 -8.41863711e+04  1.43874761e+05
  5.93946045e+03  0.00000000e+00 -9.64493742e+03  0.00000000e+00
  0.00000000e+00  0.00000000e+00  0.00000000e+00  0.00000000e+00
  0.00000000e+00  0.00000000e+00 -6.56647543e+06  0.00000000e+00
 -1.58950757e+06  0.00000000e+00  0.00000000e+00  0.00000000e+00] - 0.5798524429034829
